1; 1939351; 0,042; 0,082; 19,714; 8,855; 0; 0; 431,83; 0; 737,92798; 2881; 216000; 1547,8781; 651593; 0; 0; 0; 113; 2376,147; 2333,319; 0,339; 0,165; 2,45; 
2; 1939351; 0,252; 0,6; 20,2862; 11,1115; 0,114; 0; 1414,63; 0; 737,92798; 2881; 216000; 1547,8781; 651593; 0; 0; 0; 113; 2390,875; 2341,463; 0,339; 0,165; 2,365; 
3; 1939351; 0,462; 1,109; 20,4847; 11,3317; 1,236; 0; 1411,47; 0; 737,92798; 2881; 216000; 1547,8781; 651593; 0; 0; 0; 113; 2400,438; 2349,323; 0,339; 0,165; 2,304; 
4; 1939351; 0,658; 1,645; 20,5587; 11,5653; 5,201; 0; 1386,54; 0; 737,92798; 2881; 216000; 1547,8781; 651593; 0; 0; 0; 113; 2408,218; 2352,582; 0,339; 0,165; 2,303; 
5; 1939351; 0,868; 2,144; 20,6649; 11,654; 9,679; 0; 1372,68; 0; 737,92798; 2881; 216000; 1547,8781; 651593; 0; 0; 0; 113; 2429,462; 2351,37; 0,339; 0,165; 2,304; 
6; 1939351; 1,078; 2,644; 20,7322; 11,7344; 10,613; 0; 1380,41; 0; 737,92798; 2881; 216000; 1547,8781; 651593; 0; 0; 0; 113; 2442,581; 2350,977; 0,339; 0,165; 2,306; 
7; 1939351; 1,274; 3,143; 20,7662; 11,7588; 10,246; 0; 1401,48; 0; 737,92798; 2881; 216000; 1547,8781; 651593; 0; 0; 0; 113; 2450,023; 2347,237; 0,339; 0,165; 2,304; 
8; 1939351; 1,484; 3,68; 20,7611; 11,7646; 10,102; 0; 1409,92; 0; 737,92798; 2881; 216000; 1547,8781; 651593; 0; 0; 0; 113; 2459,93; 2350,439; 0,339; 0,165; 2,305; 
9; 1939351; 1,694; 4,179; 20,7862; 11,767; 10,549; 0; 1412,49; 0; 737,92798; 2881; 216000; 1547,8781; 651593; 0; 0; 0; 113; 2472,284; 2351,253; 0,339; 0,165; 2,307; 
10; 1939351; 1,904; 4,678; 20,7312; 11,7719; 10,425; 0; 1419,34; 0; 737,92798; 2881; 216000; 1547,8781; 651593; 0; 0; 0; 113; 2479,971; 2352,029; 0,339; 0,165; 2,306; 
11; 1939351; 2,1; 5,178; 20,7676; 11,7681; 10,422; 0; 1412,36; 0; 737,92798; 2881; 216000; 1547,8781; 651593; 0; 0; 0; 113; 2480,123; 2360,591; 0,339; 0,165; 2,306; 
12; 1939351; 2,31; 5,677; 20,8451; 11,785; 10,228; 0; 1435,25; 0; 737,92798; 2881; 216000; 1547,8781; 651593; 0; 0; 0; 113; 2474,052; 2366,422; 0,339; 0,165; 2,304; 
13; 1939351; 2,52; 6,177; 20,8507; 11,7599; 10; 0; 1425,09; 0; 737,92798; 2881; 216000; 1547,8781; 651593; 0; 0; 0; 113; 2458,844; 2362,694; 0,339; 0,165; 2,313; 
14; 1939351; 2,716; 6,716; 20,8714; 11,8148; 10,51; 1,398; 1463,55; 6,8; 737,92798; 2881; 216000; 1547,8781; 651593; 0,194049746530193; 82800,1629093695; 171,956317978131; 100; 2436,771; 2357,635; 0,339; 0,165; 2,31; 
15; 1939351; 2,926; 7,216; 20,8785; 11,84; 9,253; 5,266; 1493,42; 14,3; 737,92798; 2881; 216000; 1547,8781; 651593; 0; 0; 0; 100; 2425,977; 2349,65; 0,339; 0,165; 2,305; 
16; 1939351; 3,136; 7,715; 20,869; 11,8204; 8,486; 11,779; 1479,67; 13,6; 737,92798; 2881; 216000; 1547,8781; 651593; 0; 0; 0; 100; 2419,688; 2344,628; 0,339; 0,165; 2,307; 
17; 1939351; 3,346; 8,253; 20,8803; 11,8181; 9,005; 14,938; 1479,65; 8,1; 737,92798; 2881; 216000; 1547,8781; 651593; 0,202113538502572; 77886,6641336355; 172,833758454912; 100; 2423,432; 2344,909; 0,339; 0,165; 2,303; 
18; 1939351; 3,542; 8,748; 20,8729; 11,7738; 9,505; 16,059; 1450,46; 6,9; 737,92798; 2881; 216000; 1547,8781; 651593; 0,174832141757494; 76577,8143092748; 179,982963066591; 100; 2424,425; 2346,155; 0,339; 0,165; 2,266; 
19; 1939351; 3,752; 9,24; 20,8567; 11,7773; 11,023; 16,473; 1446,23; 7,5; 737,92798; 2881; 216000; 1547,8781; 651593; 0,190240782426079; 76857,2184661358; 175,237448592801; 100; 2422,572; 2345,606; 0,339; 0,165; 2,283; 
20; 1939351; 3,962; 9,773; 20,7801; 11,761; 11,404; 14,906; 1434,72; 7,6; 737,92798; 2881; 216000; 1547,8781; 651593; 0,195862512109653; 76740,0853900514; 172,369768712724; 100; 2414,003; 2343,852; 0,339; 0,165; 2,29; 
21; 1939351; 4,158; 10,27; 20,8113; 11,755; 11,712; 15,111; 1429,37; 7,5; 737,92798; 2881; 216000; 1547,8781; 651593; 0,19376413559728; 76821,5575444022; 172,497815573379; 100; 2396,531; 2337,305; 0,339; 0,165; 2,295; 
22; 1939351; 4,368; 10,767; 20,821; 11,7686; 11,198; 14,424; 1438,61; 7,8; 737,92798; 2881; 216000; 1547,8781; 651593; 0,200721280906933; 77528,6237520166; 170,411018440973; 100; 2383,47; 2331,628; 0,339; 0,165; 2,302; 
23; 1939351; 4,578; 11,266; 20,7952; 11,7798; 10,08; 12,214; 1449,94; 8,8; 737,92798; 2881; 216000; 1547,8781; 651593; 0,228628492200772; 77590,4677593799; 162,079314522286; 100; 2367,749; 2339,112; 0,339; 0,165; 2,307; 
24; 1939351; 4,788; 11,766; 20,7766; 11,7727; 9,512; 11,377; 1444,51; 8,5; 737,92798; 2881; 216000; 1547,8781; 651593; 0,219922191201613; 77281,4173519132; 163,448983325253; 100; 2366,618; 2346,923; 0,339; 0,165; 2,306; 
25; 1939351; 4,984; 12,265; 20,7953; 11,7693; 9,208; 11,696; 1438,26; 8,2; 737,92798; 2881; 216000; 1547,8781; 651593; 0,21024944026133; 76863,6912671693; 165,381070305928; 100; 2378,398; 2345,774; 0,339; 0,165; 2,298; 
26; 1939351; 5,194; 12,799; 20,8027; 11,756; 9,576; 12,217; 1431,21; 8,9; 737,92798; 2881; 216000; 1547,8781; 651593; 0,229485005660432; 76425,8570382574; 159,283900827799; 100; 2393,718; 2347,101; 0,339; 0,165; 2,285; 
27; 1939351; 5,404; 13,294; 20,7806; 11,7449; 10,225; 12,86; 1427,2; 8,5; 737,92798; 2881; 216000; 1547,8781; 651593; 0,218731239139; 76515,7126095648; 162,586020420317; 100; 2405,085; 2347,514; 0,339; 0,165; 2,289; 
28; 1939351; 5,6; 13,79; 20,786; 11,7501; 10,658; 12,842; 1428,05; 8,5; 737,92798; 2881; 216000; 1547,8781; 651593; 0,220027773901436; 76851,8842063865; 162,615592887536; 100; 2412,808; 2344,077; 0,339; 0,165; 2,292; 
29; 1939351; 5,81; 14,324; 20,7729; 11,759; 10,624; 12,829; 1434,56; 8,6; 737,92798; 2881; 216000; 1547,8781; 651593; 0,223072337197104; 77027,812595858; 162,581514546513; 100; 2421,939; 2345,682; 0,339; 0,165; 2,286; 
30; 1939351; 6,02; 14,819; 20,7815; 11,7627; 11,02; 13,702; 1437,22; 8,3; 737,92798; 2881; 216000; 1547,8781; 651593; 0,214320176441519; 77248,424786187; 165,908070942517; 100; 2426,919; 2350,091; 0,339; 0,165; 2,285; 
31; 1939351; 6,216; 15,314; 20,8129; 11,7716; 10,715; 14,502; 1443,23; 8,6; 737,92798; 2881; 216000; 1547,8781; 651593; 0,220163862115777; 77070,6068465161; 164,626019780791; 100; 2436,61; 2350,241; 0,339; 0,165; 2,285; 
32; 1939351; 6,426; 15,846; 20,8031; 11,7531; 9,788; 15,509; 1431,05; 8,5; 737,92798; 2881; 216000; 1547,8781; 651593; 0,212852236971888; 75575,8785257542; 165,025279537511; 100; 2451,891; 2355,918; 0,339; 0,165; 2,285; 
33; 1939351; 6,622; 16,341; 20,808; 11,7525; 9,405; 15,281; 1431,3; 8,4; 737,92798; 2881; 216000; 1547,8781; 651593; 0,209542798584557; 75472,5569042138; 165,673454761603; 100; 2459,696; 2359,012; 0,588; 0,165; 2,285; 
34; 1939351; 6,832; 16,836; 20,839; 11,7547; 9,431; 14,416; 1435,38; 8,4; 737,92798; 2881; 216000; 1547,8781; 651593; 0,210847896407608; 76120,1272703129; 165,256632047709; 100; 2468,755; 2356,374; 2,343; 0,165; 2,284; 
35; 1939351; 7,056; 17,369; 20,8368; 11,7562; 10,257; 13,919; 1439,67; 8,4; 737,92798; 2881; 216000; 1547,8781; 651593; 0,213932588875522; 77034,3939324992; 165,256602300885; 100; 2469,685; 2352,137; 4,129; 0,165; 2,283; 
36; 1939351; 7,252; 17,863; 20,8206; 11,7502; 10,824; 13,835; 1438,78; 8,2; 737,92798; 2881; 216000; 1547,8781; 651593; 0,210356701855426; 77418,2934552708; 166,71132966415; 100; 2454,466; 2345,679; 5,235; 0,426; 2,283; 
37; 1939351; 7,462; 18,395; 20,8175; 11,7694; 10,676; 13,191; 1449,81; 8,5; 737,92798; 2881; 216000; 1547,8781; 651593; 0,219428648371248; 77888,6278057733; 165,062294727324; 100; 2432,395; 2346,105; 5,662; 2,538; 2,28; 
38; 1939351; 7,672; 18,889; 20,8192; 11,7822; 10,419; 12,892; 1462,75; 8,7; 737,92798; 2881; 216000; 1547,8781; 651593; 0,225108449193783; 78349,5523941107; 164,592855250709; 100; 2418,536; 2356,04; 5,958; 4,316; 2,275; 
39; 1939351; 7,882; 19,381; 20,7694; 11,7674; 10,318; 13,484; 1453,34; 8,3; 737,92798; 2881; 216000; 1547,8781; 651593; 0,212893535303906; 77587,341178317; 167,578191678665; 100; 2406,505; 2353,586; 6,191; 5,135; 2,27; 
40; 1939351; 8,092; 19,872; 20,8292; 11,785; 10,525; 13,982; 1465,89; 8,5; 737,92798; 2881; 216000; 1547,8781; 651593; 0,217782802111096; 78303,1105775536; 167,369349245374; 100; 2398,917; 2346,743; 6,599; 5,466; 2,263; 
41; 1939351; 8,288; 20,4; 20,8494; 11,7741; 10,127; 14,576; 1464,13; 8,5; 737,92798; 2881; 216000; 1547,8781; 651593; 0,215259084391558; 77887,9155372712; 167,527557939702; 100; 2394,992; 2340,886; 6,75; 5,842; 2,263; 
42; 1939351; 8,498; 20,89; 20,8493; 11,7937; 9,787; 14,778; 1479,88; 8,4; 737,92798; 2881; 216000; 1547,8781; 651593; 0,211715272382959; 78327,6496316052; 170,268584660807; 100; 2391,116; 2339,516; 7,02; 5,97; 2,262; 
43; 1939351; 8,708; 21,38; 20,8587; 11,7885; 9,774; 14,367; 1479,85; 8,7; 737,92798; 2881; 216000; 1547,8781; 651593; 0,220280727022175; 78418,9363047559; 167,395994686056; 100; 2386,685; 2332,467; 7,301; 6,289; 2,265; 
44; 1939351; 8,918; 21,908; 20,8735; 11,7747; 9,7; 13,836; 1470,66; 8,6; 737,92798; 2881; 216000; 1547,8781; 651593; 0,217830645712366; 78258,2571470196; 166,718682141409; 100; 2386,448; 2325,216; 7,507; 6,663; 2,269; 
45; 1939351; 9,114; 22,4; 20,8437; 11,7704; 9,964; 13,568; 1468,36; 8,2; 737,92798; 2881; 216000; 1547,8781; 651593; 0,208588095417111; 78436,9128434829; 169,651268338497; 100; 2395,909; 2330,797; 7,502; 6,563; 2,27; 
46; 1939351; 9,324; 22,892; 20,8308; 11,7908; 10,472; 13,665; 1483,39; 8,5; 737,92798; 2881; 216000; 1547,8781; 651593; 0,218173083411374; 79230,7022903917; 168,954985594773; 100; 2412,908; 2333,884; 7,467; 6,888; 2,27; 
47; 1939351; 9,534; 23,421; 20,832; 11,7757; 10,39; 13,384; 1476,81; 8,5; 737,92798; 2881; 216000; 1547,8781; 651593; 0,218118418264034; 79017,9484853176; 167,980595547682; 100; 2432,618; 2345,107; 7,732; 7,292; 2,269; 
48; 1939351; 9,744; 23,912; 20,8021; 11,7708; 10,406; 13,65; 1471,13; 8,5; 737,92798; 2881; 216000; 1547,8781; 651593; 0,217910364184205; 78537,4947518753; 167,740255820297; 100; 2444,718; 2352,462; 7,851; 7,377; 2,267; 
49; 1939351; 9,94; 24,403; 20,8119; 11,7762; 10,758; 13,674; 1473,61; 8,5; 737,92798; 2881; 216000; 1547,8781; 651593; 0,218839307588532; 78906,7494872396; 167,953778411136; 100; 2449,156; 2341,325; 7,863; 7,447; 2,273; 
50; 1939351; 10,15; 24,934; 20,8395; 11,7801; 10,396; 13,889; 1483,18; 8,4; 737,92798; 2881; 216000; 1547,8781; 651593; 0,214556703208818; 79216,6193833385; 169,842083635448; 100; 2451,59; 2333,143; 8,195; 7,959; 2,275; 
51; 1939351; 10,36; 25,427; 20,8193; 11,7681; 10,057; 14,391; 1474,89; 8,4; 737,92798; 2881; 216000; 1547,8781; 651593; 0,212791310489931; 78366,4335661096; 169,457174475195; 100; 2448,309; 2332,141; 8,315; 8,205; 2,275; 
52; 1939351; 10,556; 25,92; 20,8088; 11,7688; 9,872; 14,605; 1472,09; 8,5; 737,92798; 2881; 216000; 1547,8781; 651593; 0,214725392561453; 77943,2675726099; 168,595715472457; 100; 2434,231; 2329,038; 8,809; 8,176; 2,276; 
53; 1939351; 10,78; 26,451; 20,8105; 11,7656; 9,738; 14,302; 1470,82; 8,6; 737,92798; 2881; 216000; 1547,8781; 651593; 0,217511630974058; 77883,077103283; 167,393661433571; 100; 2409,997; 2324,195; 9,079; 8,224; 2,279; 
54; 1939351; 10,976; 26,944; 20,8033; 11,7677; 9,889; 14,09; 1473,51; 8,6; 737,92798; 2881; 216000; 1547,8781; 651593; 0,218394959679355; 78146,9838856517; 167,536618016013; 100; 2391,388; 2330,531; 9,365; 8,498; 2,28; 
55; 1939351; 11,186; 27,438; 20,7954; 11,7617; 10,184; 14,471; 1469,99; 8,4; 737,92798; 2881; 216000; 1547,8781; 651593; 0,213083993702631; 78096,7784331141; 169,100575334524; 100; 2380,287; 2335,271; 9,51; 8,424; 2,283; 
56; 1939351; 11,396; 27,971; 20,7997; 11,7603; 10,642; 14,806; 1467,12; 8,3; 737,92798; 2881; 216000; 1547,8781; 651593; 0,211050978633347; 78203,7181524839; 169,807418328752; 100; 2374,737; 2331,78; 9,683; 8,537; 2,287; 
57; 1939351; 11,592; 28,467; 20,8074; 11,768; 10,813; 14,742; 1473,57; 8,4; 737,92798; 2881; 216000; 1547,8781; 651593; 0,214305946792355; 78624,8964539682; 169,589186189854; 100; 2377,498; 2329,139; 10,02; 8,948; 2,29; 
58; 1939351; 11,802; 28,963; 20,7481; 11,7731; 11,039; 14,184; 1478,8; 8,5; 737,92798; 2881; 216000; 1547,8781; 651593; 0,219201989206431; 78891,1571242873; 169,19979303426; 100; 2390,745; 2329,829; 9,951; 9,053; 2,293; 
59; 1939351; 12,012; 29,46; 20,8068; 11,7879; 11,294; 14,16; 1487,36; 8,5; 737,92798; 2881; 216000; 1547,8781; 651593; 0,219663821885569; 79702,0264268063; 169,789236878406; 100; 2418,101; 2333,761; 10,041; 9,182; 2,297; 
60; 1939351; 12,222; 29,996; 20,8015; 11,7577; 10,442; 13,756; 1473,14; 8,6; 737,92798; 2881; 216000; 1547,8781; 651593; 0,220257096533359; 78644,1910580421; 167,139022063079; 100; 2439,976; 2334,76; 10,255; 9,47; 2,302; 
61; 1939351; 12,432; 30,495; 20,7934; 11,7765; 9,754; 14,368; 1483,05; 8,4; 737,92798; 2881; 216000; 1547,8781; 651593; 0,212393847822313; 78423,0790433537; 170,507471456449; 100; 2449,568; 2338,081; 10,597; 9,676; 2,302; 
62; 1939351; 12,628; 30,993; 20,7927; 11,7883; 9,276; 14,278; 1494,68; 8,5; 737,92798; 2881; 216000; 1547,8781; 651593; 0,21416588062571; 78623,558751562; 170,926837163294; 100; 2456,176; 2340,758; 10,609; 9,798; 2,303; 
63; 1939351; 12,838; 31,53; 20,7909; 11,7802; 9,087; 14,281; 1488,04; 8,8; 737,92798; 2881; 216000; 1547,8781; 651593; 0,221790037668527; 78091,6263509925; 167,736586760317; 100; 2455,818; 2339,5; 10,793; 9,926; 2,304; 
64; 1939351; 13,048; 32,029; 20,7925; 11,795; 9,621; 14,023; 1501,27; 8,5; 737,92798; 2881; 216000; 1547,8781; 651593; 0,215627367989939; 79236,0719744734; 171,407752564419; 100; 2444,799; 2338,161; 11,31; 10,078; 2,307; 
65; 1939351; 13,258; 32,568; 20,8216; 11,7848; 10,199; 13,797; 1498,41; 8,3; 737,92798; 2881; 216000; 1547,8781; 651593; 0,211687587322206; 79809,6853826107; 172,332825292483; 100; 2425,113; 2332,755; 11,844; 10,358; 2,311; 
66; 1939351; 13,468; 33,068; 20,8336; 11,7992; 10,892; 14,11; 1509,36; 8,5; 737,92798; 2881; 216000; 1547,8781; 651593; 0,218512153459454; 80623,1671877224; 171,970641278808; 100; 2406,08; 2331,278; 12,217; 10,477; 2,313; 
67; 1939351; 13,664; 33,57; 20,78; 11,7789; 10,813; 13,961; 1495,22; 8,2; 737,92798; 2881; 216000; 1547,8781; 651593; 0,210601217329948; 79867,9658304889; 173,120468403989; 100; 2392,997; 2326,655; 12,302; 10,847; 2,316; 
68; 1939351; 13,888; 34,11; 20,8081; 11,7843; 10,956; 13,656; 1494,63; 8,4; 737,92798; 2881; 216000; 1547,8781; 651593; 0,216700479690664; 80072,8841484879; 170,996582627306; 100; 2386,904; 2322,633; 12,589; 11,336; 2,319; 
69; 1939351; 14,084; 34,613; 20,8264; 11,7757; 10,226; 13,399; 1492,74; 8,5; 737,92798; 2881; 216000; 1547,8781; 651593; 0,217584265790104; 79672,0890081562; 169,683790600184; 100; 2381,672; 2320,194; 13,04; 11,605; 2,323; 
70; 1939351; 14,294; 35,116; 20,8047; 11,774; 9,492; 14,006; 1489,92; 8,2; 737,92798; 2881; 216000; 1547,8781; 651593; 0,206932622197361; 78853,7169361199; 172,538217317773; 100; 2376,429; 2323,438; 13,373; 11,648; 2,323; 
71; 1939351; 14,504; 35,658; 20,7913; 11,7812; 9,458; 14,256; 1497,78; 8,2; 737,92798; 2881; 216000; 1547,8781; 651593; 0,206665838339144; 79041,8332779105; 173,678730908318; 100; 2380,075; 2323,473; 13,44; 11,451; 2,323; 
72; 1939351; 14,7; 36,122; 20,803; 11,7768; 9,634; 14,37; 1496,17; 8,5; 737,92798; 2881; 216000; 1547,8781; 651593; 0,214595898831876; 79002,3656449979; 170,996979742061; 100; 2390,946; 2324,471; 13,502; 10,945; 2,324; 
73; 1939351; 14,91; 36,664; 20,8226; 11,7728; 9,987; 14,198; 1492,5; 8,4; 737,92798; 2881; 216000; 1547,8781; 651593; 0,212896585647822; 79258,5982536718; 171,146770973236; 100; 2410,976; 2328,637; 13,779; 11,705; 2,325; 
74; 1939351; 15,12; 37,207; 20,8168; 11,7691; 10,404; 14,4; 1490,4; 8,2; 737,92798; 2881; 216000; 1547,8781; 651593; 0,208411429599348; 79423,7698779405; 172,718412614356; 100; 2431,696; 2333,369; 13,875; 12,198; 2,327; 
75; 1939351; 15,316; 37,711; 20,8065; 11,7509; 10,834; 14,74; 1481,45; 8,3; 737,92798; 2881; 216000; 1547,8781; 651593; 0,211306479851227; 79141,4486076006; 171,145069320411; 100; 2442,718; 2342,655; 13,922; 12,308; 2,331; 
76; 1939351; 15,526; 38,217; 20,8127; 11,7669; 10,826; 15,198; 1493,2; 8; 737,92798; 2881; 216000; 1547,8781; 651593; 0,203163028952497; 79635,739602706; 175,258132137376; 100; 2446,972; 2345,862; 14,11; 12,655; 2,337; 
77; 1939351; 15,736; 38,724; 20,8242; 11,7832; 10,927; 15,062; 1504,24; 8,1; 737,92798; 2881; 216000; 1547,8781; 651593; 0,206269209168792; 80241,7696148311; 175,507446307386; 100; 2446,553; 2344,285; 14,018; 12,823; 2,345; 
78; 1939351; 15,946; 39,231; 20,8763; 11,7915; 10,722; 14,834; 1517,45; 8,4; 737,92798; 2881; 216000; 1547,8781; 651593; 0,213550516498232; 80938,4462003104; 173,952182036481; 100; 2440,347; 2340,27; 14,178; 13,013; 2,345; 
79; 1939351; 16,156; 39,778; 20,8899; 11,7916; 9,998; 14,613; 1518,25; 8; 737,92798; 2881; 216000; 1547,8781; 651593; 0,201862363119196; 80792,4923814192; 177,183865320662; 100; 2422,582; 2330,278; 14,137; 13,334; 2,344; 
80; 1939351; 16,352; 40,286; 20,8888; 11,7956; 9,508; 14,981; 1527,21; 8; 737,92798; 2881; 216000; 1547,8781; 651593; 0,200191136032608; 80769,1172856499; 178,486870283216; 100; 2404,886; 2321,303; 14,297; 13,435; 2,343; 
81; 1939351; 16,562; 40,793; 20,8862; 11,7821; 9,098; 15,525; 1516,69; 7,9; 737,92798; 2881; 216000; 1547,8781; 651593; 0,195907696442421; 79868,0629145176; 178,566562004836; 100; 2389,385; 2317,415; 14,438; 13,491; 2,344; 
82; 1939351; 16,758; 41,301; 20,87; 11,7872; 9,355; 15,424; 1518,16; 8; 737,92798; 2881; 216000; 1547,8781; 651593; 0,19918865743877; 80007,5609250954; 177,940694537033; 100; 2378,983; 2317,355; 14,264; 13,813; 2,35; 
83; 1939351; 16,982; 41,851; 20,8768; 11,7961; 9,954; 14,893; 1527,64; 8; 737,92798; 2881; 216000; 1547,8781; 651593; 0,201459415711113; 81053,4841792775; 178,502061905131; 100; 2372,612; 2319,873; 14,079; 13,817; 2,362; 
84; 1939351; 17,178; 42,363; 20,8905; 11,7997; 10,095; 13,794; 1535,19; 8,1; 737,92798; 2881; 216000; 1547,8781; 651593; 0,205838098622622; 81912,4930476285; 177,540620414409; 100; 2371,801; 2323,279; 14,113; 13,54; 2,369; 
85; 1939351; 17,388; 42,916; 20,8766; 11,7972; 10,148; 13,579; 1534,86; 7,8; 737,92798; 2881; 216000; 1547,8781; 651593; 0,198985033329488; 82070,2596956419; 179,934494900742; 100; 2383,319; 2326,36; 14,213; 13,425; 2,372; 
86; 1939351; 17,598; 43,429; 20,8418; 11,7978; 10,131; 13,609; 1534,17; 7,7; 737,92798; 2881; 216000; 1547,8781; 651593; 0,196743457944508; 81885,5589587192; 180,953238784733; 100; 2406,439; 2330,88; 14,44; 13,689; 2,371; 
87; 1939351; 17,808; 43,943; 20,8923; 11,7938; 10,15; 13,629; 1531,87; 8,3; 737,92798; 2881; 216000; 1547,8781; 651593; 0,211226903145444; 81797,8369275339; 175,327062892809; 100; 2423,799; 2336,703; 14,755; 14,118; 2,374; 
88; 1939351; 18,004; 44,457; 20,8915; 11,7705; 9,877; 13,131; 1516,29; 8,2; 737,92798; 2881; 216000; 1547,8781; 651593; 0,208383907849091; 81148,2774288473; 174,057174928103; 100; 2436,366; 2337,045; 14,902; 14,345; 2,376; 
89; 1939351; 18,214; 45,011; 20,8578; 11,7715; 10,073; 13,13; 1513,09; 8; 737,92798; 2881; 216000; 1547,8781; 651593; 0,20413290552794; 81033,2550191988; 175,57950334674; 100; 2439,215; 2336,501; 15,191; 14,322; 2,375; 
90; 1939351; 18,41; 45,526; 20,8473; 11,7746; 10,294; 13,378; 1515,33; 8,2; 737,92798; 2881; 216000; 1547,8781; 651593; 0,209457479113568; 81064,8931271377; 174,399008797351; 100; 2434,982; 2337,398; 15,479; 14,423; 2,374; 
91; 1939351; 18,62; 46,04; 20,8674; 11,7788; 9,873; 13,501; 1519,23; 8,2; 737,92798; 2881; 216000; 1547,8781; 651593; 0,208130394538681; 81014,7009347221; 174,839320000485; 100; 2416,906; 2337,75; 15,876; 14,754; 2,376; 
92; 1939351; 18,83; 46,594; 20,8593; 11,7603; 9,433; 13,643; 1507,06; 8; 737,92798; 2881; 216000; 1547,8781; 651593; 0,201656474534787; 80188,9909544767; 175,302750289183; 100; 2400,688; 2326,925; 16,315; 15,068; 2,376; 
93; 1939351; 19,04; 47,109; 20,8192; 11,7305; 9,026; 14,173; 1485,75; 8; 737,92798; 2881; 216000; 1547,8781; 651593; 0,199711182817366; 78615,5217926354; 173,550739153899; 100; 2384,283; 2319,101; 16,531; 15,38; 2,375; 
94; 1939351; 19,25; 47,623; 20,8154; 11,7267; 8,732; 14,443; 1477,63; 7,9; 737,92798; 2881; 216000; 1547,8781; 651593; 0,196243997942237; 77962,8353264698; 173,727009644232; 100; 2371,405; 2315,428; 16,962; 15,697; 2,376; 
95; 1939351; 19,446; 48,178; 20,8019; 11,6954; 8,341; 14,739; 1453,75; 7,5; 737,92798; 2881; 216000; 1547,8781; 651593; 0,185703189353594; 76177,2107230947; 174,699755259623; 100; 2368,171; 2314,445; 17,284; 15,636; 2,384; 
96; 1939351; 19,656; 48,695; 20,8552; 11,6957; 9,166; 15,881; 1444,41; 7,4; 737,92798; 2881; 216000; 1547,8781; 651593; 0,183688575628439; 76151,4809235966; 174,9433250891; 100; 2372,669; 2317,925; 17,407; 14,975; 2,39; 
97; 1939351; 19,852; 49,213; 20,8496; 11,6717; 10,406; 15,83; 1424,3; 7,5; 737,92798; 2881; 216000; 1547,8781; 651593; 0,188427524679947; 76009,835720074; 171,797160632785; 100; 2380,505; 2322,414; 17,841; 15,089; 2,4; 
98; 1939351; 20,062; 49,734; 20,8373; 11,6868; 11,329; 15,073; 1430,76; 7,2; 737,92798; 2881; 216000; 1547,8781; 651593; 0,185329934511334; 77211,2005620895; 174,401180283225; 100; 2402,623; 2326,287; 17,803; 15,613; 2,409; 
99; 1939351; 20,272; 50,297; 20,8259; 11,6735; 11,435; 13,531; 1417,77; 7,4; 737,92798; 2881; 216000; 1547,8781; 651593; 0,191988047499285; 77059,82455819; 170,267363517977; 100; 2420,362; 2329,972; 17,947; 15,906; 2,417; 
100; 1939351; 20,482; 50,821; 20,8423; 11,67; 10,79; 12,856; 1408,33; 7,6; 737,92798; 2881; 216000; 1547,8781; 651593; 0,195912407610311; 76385,3540723323; 167,085990200038; 100; 2434,502; 2332,475; 18,113; 16,259; 2,423; 
101; 1939351; 20,692; 51,386; 20,8676; 11,6871; 10,479; 12,066; 1421,69; 7,7; 737,92798; 2881; 216000; 1547,8781; 651593; 0,19868344135721; 77603,6596054633; 166,89837468091; 100; 2444,538; 2336,323; 17,935; 16,564; 2,422; 
102; 1939351; 20,888; 51,91; 20,854; 11,6806; 10,512; 12,83; 1417,91; 7,9; 737,92798; 2881; 216000; 1547,8781; 651593; 0,202329243608164; 77065,400543007; 165,560364543637; 100; 2430,625; 2336,552; 18,321; 17,073; 2,419; 
103; 1939351; 21,098; 52,434; 20,8358; 11,6813; 10,283; 14,259; 1411,04; 7,5; 737,92798; 2881; 216000; 1547,8781; 651593; 0,19062128691268; 75687,7909511435; 169,330868120711; 100; 2409,131; 2330,85; 18,312; 17,319; 2,421; 
104; 1939351; 21,308; 52,958; 20,8148; 11,6915; 9,975; 15,386; 1416,49; 7,4; 737,92798; 2881; 216000; 1547,8781; 651593; 0,186357790053318; 75287,066016777; 171,739383703711; 100; 2387,653; 2325,485; 18,189; 17,352; 2,424; 
105; 1939351; 21,518; 53,524; 20,8699; 11,7079; 9,654; 15,435; 1429,86; 7,2; 737,92798; 2881; 216000; 1547,8781; 651593; 0,181350045727463; 75996,7074105257; 174,524633030943; 100; 2373,78; 2319,625; 18,143; 17,43; 2,427; 
106; 1939351; 21,728; 54,05; 20,8761; 11,7031; 9,239; 15,404; 1428,02; 7,4; 737,92798; 2881; 216000; 1547,8781; 651593; 0,18455834562914; 75599,3226986337; 172,714360147336; 100; 2365,926; 2314,205; 18,107; 17,304; 2,435; 
107; 1939351; 21,924; 54,578; 20,8672; 11,7046; 9,435; 15,079; 1424,23; 7; 737,92798; 2881; 216000; 1547,8781; 651593; 0,177291831132326; 75783,3163066814; 175,161807544328; 100; 2366,167; 2309,602; 18,34; 17,026; 2,441; 
108; 1939351; 22,134; 55,108; 20,8573; 11,696; 9,842; 14,289; 1417,9; 6,9; 737,92798; 2881; 216000; 1547,8781; 651593; 0,177134899908578; 76041,2513899255; 174,647716531309; 100; 2378,814; 2314,2; 18,394; 17,205; 2,449; 
109; 1939351; 22,344; 55,679; 20,8696; 11,7095; 10,077; 13,984; 1422,31; 6,9; 737,92798; 2881; 216000; 1547,8781; 651593; 0,178095844067598; 76518,3596966186; 174,926239180556; 100; 2397,422; 2325,231; 18,589; 17,461; 2,455; 
110; 1939351; 22,554; 56,212; 20,8956; 11,688; 10,063; 13,198; 1411,13; 7,1; 737,92798; 2881; 216000; 1547,8781; 651593; 0,182931145091906; 76326,5857380738; 171,281847168479; 100; 2413,258; 2334,152; 18,785; 17,7; 2,463; 
111; 1939351; 22,75; 56,745; 20,8831; 11,6812; 10,605; 12,242; 1400,75; 7,2; 737,92798; 2881; 216000; 1547,8781; 651593; 0,187558768853075; 76409,5038565787; 168,709633899743; 100; 2425,032; 2327,505; 19,289; 17,709; 2,465; 
112; 1939351; 22,96; 57,279; 20,8616; 11,7065; 11,105; 11,757; 1419,79; 7,4; 737,92798; 2881; 216000; 1547,8781; 651593; 0,194044018879556; 77562,5321296709; 169,154310314307; 100; 2430,807; 2326,478; 19,8; 18,099; 2,464; 
113; 1939351; 23,17; 57,813; 20,8356; 11,6967; 10,719; 12,511; 1412,59; 7,2; 737,92798; 2881; 216000; 1547,8781; 651593; 0,187713455572135; 76713,357227011; 170,599440766788; 100; 2431,904; 2332,832; 19,939; 18,773; 2,459; 
114; 1939351; 23,366; 58,345; 20,8745; 11,709; 10,271; 14,693; 1419,73; 7,2; 737,92798; 2881; 216000; 1547,8781; 651593; 0,183733475878625; 76160,9581608334; 172,827981842355; 100; 2421,609; 2329,807; 20,883; 19,042; 2,459; 
115; 1939351; 23,576; 58,878; 20,835; 11,6934; 9,845; 15,568; 1411,77; 7,3; 737,92798; 2881; 216000; 1547,8781; 651593; 0,183676586569236; 75031,0879106415; 172,008065371766; 100; 2405,531; 2321,689; 21,365; 18,834; 2,462; 
116; 1939351; 23,786; 59,411; 20,8098; 11,7087; 9,653; 15,42; 1418,01; 7,2; 737,92798; 2881; 216000; 1547,8781; 651593; 0,181619400090293; 75133,3219091152; 173,607646553109; 100; 2386,206; 2321,51; 21,901; 18,63; 2,469; 
117; 1939351; 23,996; 59,988; 20,8177; 11,7005; 9,057; 14,606; 1412,53; 7,1; 737,92798; 2881; 216000; 1547,8781; 651593; 0,179253418827222; 74858,7469291966; 173,066341934048; 100; 2370,332; 2321,879; 21,942; 19,092; 2,479; 
118; 1939351; 24,192; 60,526; 20,8446; 11,6826; 8,553; 14,738; 1395,49; 6,9; 737,92798; 2881; 216000; 1547,8781; 651593; 0,173844535703975; 73911,1096380621; 172,467028068348; 100; 2362,145; 2315,708; 21,85; 19,609; 2,49; 
119; 1939351; 24,402; 61,067; 20,8493; 11,6864; 9,166; 14,985; 1394,14; 6,7; 737,92798; 2881; 216000; 1547,8781; 651593; 0,170993555383399; 74259,2130023351; 173,965070780575; 100; 2359,928; 2306,52; 21,653; 19,227; 2,503; 
120; 1939351; 24,612; 61,651; 20,8284; 11,6707; 10,355; 14,338; 1380,11; 6,5; 737,92798; 2881; 216000; 1547,8781; 651593; 0,170376110123971; 74624,9924823095; 173,453607640794; 100; 2372,967; 2303,573; 21,398; 19,312; 2,51; 
121; 1939351; 24,822; 62,196; 20,8134; 11,6623; 11,394; 14,332; 1366,33; 6,7; 737,92798; 2881; 216000; 1547,8781; 651593; 0,176456097869807; 74494,7089028416; 170,485839622237; 100; 2387,986; 2310,267; 21,056; 19,781; 2,521; 
122; 1939351; 25,018; 62,743; 20,818; 11,6632; 11,585; 13,574; 1363,07; 6,7; 737,92798; 2881; 216000; 1547,8781; 651593; 0,17786253337254; 74729,3106165612; 169,557458329389; 100; 2410,538; 2321,275; 20,631; 20,342; 2,532; 
123; 1939351; 25,228; 63,292; 20,8682; 11,6807; 10,634; 12,589; 1372,34; 7,1; 737,92798; 2881; 216000; 1547,8781; 651593; 0,185295108344829; 74863,4416175228; 166,684392902955; 100; 2421,861; 2337,156; 20,515; 20,322; 2,54; 
124; 1939351; 25,438; 63,843; 20,8526; 11,687; 10,048; 12,212; 1381,37; 7,4; 737,92798; 2881; 216000; 1547,8781; 651593; 0,191022464255195; 74828,5552333389; 165,281289347815; 100; 2427,977; 2341,994; 20,349; 20,052; 2,549; 
125; 1939351; 25,648; 64,396; 20,8289; 11,6927; 10,131; 11,75; 1383,52; 7,3; 737,92798; 2881; 216000; 1547,8781; 651593; 0,189832793573987; 75065,8431593522; 166,108574213875; 100; 2435,897; 2337,691; 20,809; 20,335; 2,55; 
126; 1939351; 25,844; 64,948; 20,8232; 11,6911; 9,611; 12,614; 1384,53; 7,1; 737,92798; 2881; 216000; 1547,8781; 651593; 0,183145499228313; 74556,3313094511; 168,405928437078; 100; 2430,636; 2342,962; 21,283; 20,317; 2,545; 
127; 1939351; 26,054; 65,541; 20,8366; 11,6956; 9,103; 15,045; 1381,92; 6,5; 737,92798; 2881; 216000; 1547,8781; 651593; 0,167174681133805; 73575,5393776081; 174,235259231371; 100; 2417,688; 2340,246; 21,6; 20,768; 2,543; 
128; 1939351; 26,264; 66,093; 20,8513; 11,7057; 9,282; 16,233; 1388,07; 6,4; 737,92798; 2881; 216000; 1547,8781; 651593; 0,164298913999125; 73663,5524026865; 176,482776512682; 100; 2397,971; 2327,451; 22,122; 20,947; 2,553; 
129; 1939351; 26,46; 66,647; 20,8233; 11,6941; 9,592; 15,855; 1384,36; 6,5; 737,92798; 2881; 216000; 1547,8781; 651593; 0,167172671557634; 73694,4786719285; 175,183909623065; 100; 2377,409; 2315,405; 22,697; 21,195; 2,571; 
130; 1939351; 26,67; 67,248; 20,8043; 11,703; 10,036; 15,706; 1382,93; 6,1; 737,92798; 2881; 216000; 1547,8781; 651593; 0,160984921338494; 74027,8588000015; 178,06866094436; 100; 2364,285; 2304,589; 23,094; 21,441; 2,586; 
131; 1939351; 26,88; 67,81; 20,8663; 11,6992; 10,04; 15,165; 1377,41; 6; 737,92798; 2881; 216000; 1547,8781; 651593; 0,159949971194319; 74274,244372846; 177,26766153464; 100; 2357,829; 2299,887; 23,729; 21,586; 2,604; 
132; 1939351; 27,09; 68,375; 20,8855; 11,6929; 9,467; 13,765; 1375,1; 6,3; 737,92798; 2881; 216000; 1547,8781; 651593; 0,165674648997946; 74225,3345524158; 173,676656095676; 100; 2359,118; 2298,927; 24,179; 21,19; 2,617; 
133; 1939351; 27,3; 68,943; 20,8901; 11,6841; 10,233; 13,364; 1365,84; 6,3; 737,92798; 2881; 216000; 1547,8781; 651593; 0,167673819856307; 74459,7845414022; 172,275575736028; 100; 2374,977; 2299,945; 24,499; 21,553; 2,623; 
134; 1939351; 27,496; 69,555; 20,8993; 11,6832; 11,112; 12,474; 1363,99; 6,5; 737,92798; 2881; 216000; 1547,8781; 651593; 0,174335033237136; 75201,992994014; 169,950376025502; 100; 2398,851; 2306,419; 24,323; 22,119; 2,625; 
135; 1939351; 27,706; 70,123; 20,9015; 11,6867; 11,273; 11,842; 1366,29; 6,6; 737,92798; 2881; 216000; 1547,8781; 651593; 0,177455366432282; 75587,3160944068; 169,035766803468; 100; 2415,364; 2315,921; 24,122; 22,354; 2,621; 
136; 1939351; 27,916; 70,69; 20,8691; 11,7145; 10,963; 12,728; 1388,1; 6,6; 737,92798; 2881; 216000; 1547,8781; 651593; 0,17582939895185; 75927,0313955458; 172,50856321446; 100; 2425,62; 2327,986; 24,052; 22,569; 2,613; 
137; 1939351; 28,126; 71,299; 20,8679; 11,7293; 10,416; 14,514; 1398,7; 6,6; 737,92798; 2881; 216000; 1547,8781; 651593; 0,172533221504538; 75422,1353741437; 175,076640289358; 100; 2429,832; 2329,089; 23,733; 22,856; 2,607; 
138; 1939351; 28,336; 71,864; 20,8511; 11,7513; 10,034; 15,952; 1415,02; 6,4; 737,92798; 2881; 216000; 1547,8781; 651593; 0,166378193708745; 75420,0723970627; 179,708454197787; 100; 2429,388; 2327,895; 23,492; 22,977; 2,61; 
139; 1939351; 28,546; 72,429; 20,8815; 11,7473; 9,353; 16,911; 1414,28; 6; 737,92798; 2881; 216000; 1547,8781; 651593; 0,156938225257743; 74935,4865836179; 182,934818269119; 100; 2429,088; 2326,028; 23,436; 22,789; 2,621; 
140; 1939351; 28,756; 73,042; 20,9153; 11,7608; 8,401; 16,584; 1424,45; 6,1; 737,92798; 2881; 216000; 1547,8781; 651593; 0,157327595290465; 74971,236948973; 182,945727756038; 100; 2412,335; 2315,967; 23,803; 22,91; 2,639; 
141; 1939351; 28,952; 73,616; 20,8892; 11,7359; 7,768; 14,903; 1409,9; 6,1; 737,92798; 2881; 216000; 1547,8781; 651593; 0,157888451066225; 74387,6547936028; 180,072171178413; 100; 2393,78; 2310,626; 24,285; 23,423; 2,658; 
142; 1939351; 29,162; 74,192; 20,8727; 11,7347; 9,033; 13,688; 1403,53; 5,8; 737,92798; 2881; 216000; 1547,8781; 651593; 0,156351289901979; 75404,0091384034; 180,899629600586; 100; 2375,304; 2316,868; 24,909; 23,694; 2,671; 
143; 1939351; 29,372; 74,817; 20,8691; 11,7036; 10,414; 12,801; 1383,37; 5,6; 737,92798; 2881; 216000; 1547,8781; 651593; 0,156253604539449; 75827,9248146649; 179,336806545095; 100; 2364,094; 2317,013; 25,263; 23,51; 2,68; 
144; 1939351; 29,568; 75,397; 20,889; 11,6855; 10,544; 12,09; 1366,85; 5,7; 737,92798; 2881; 216000; 1547,8781; 651593; 0,158993511670214; 75433,6526209372; 175,923325642492; 100; 2358,828; 2315,173; 25,873; 23,509; 2,68; 
145; 1939351; 29,778; 75,977; 20,8681; 11,6702; 10,785; 12,649; 1350,78; 5,6; 737,92798; 2881; 216000; 1547,8781; 651593; 0,157131858063428; 74605,2373476984; 175,197914488474; 100; 2362,235; 2309,885; 26,425; 23,632; 2,677; 
146; 1939351; 30,002; 76,602; 20,8273; 11,6611; 11,438; 13,115; 1341,4; 5,8; 737,92798; 2881; 216000; 1547,8781; 651593; 0,161336175935225; 74168,1513430053; 173,24193215762; 100; 2370,446; 2314,543; 26,886; 23,643; 2,675; 
147; 1939351; 30,198; 77,181; 20,8427; 11,6582; 11,881; 12,903; 1338,22; 5,9; 737,92798; 2881; 216000; 1547,8781; 651593; 0,164215183903351; 74404,5287820113; 171,914867542897; 100; 2386,754; 2320,125; 27,243; 23,747; 2,672; 
148; 1939351; 30,408; 77,759; 20,882; 11,6799; 11,476; 14,019; 1348,38; 6; 737,92798; 2881; 216000; 1547,8781; 651593; 0,163936943578838; 74300,6545033769; 172,998915025785; 100; 2412,496; 2327,419; 27,305; 24,275; 2,672; 
149; 1939351; 30,618; 78,383; 20,8411; 11,685; 10,391; 14,576; 1355,18; 6,4; 737,92798; 2881; 216000; 1547,8781; 651593; 0,168511659247307; 73349,0395348963; 171,524599578784; 100; 2422,313; 2322,553; 27,104; 24,738; 2,678; 
150; 1939351; 30,814; 78,963; 20,8297; 11,7047; 9,869; 15,226; 1368,35; 6,1; 737,92798; 2881; 216000; 1547,8781; 651593; 0,161284651686834; 73449,8143991441; 175,864716066221; 100; 2427,777; 2322,729; 26,946; 24,93; 2,68; 
151; 1939351; 31,024; 79,589; 20,8664; 11,7196; 9,267; 15,954; 1378,04; 5,8; 737,92798; 2881; 216000; 1547,8781; 651593; 0,154365121224769; 73522,6774404692; 179,404799137595; 100; 2425,324; 2327,558; 26,545; 25,322; 2,685; 
152; 1939351; 31,248; 80,171; 20,8827; 11,7141; 8,4; 15,871; 1378,79; 5,9; 737,92798; 2881; 216000; 1547,8781; 651593; 0,154531625538777; 73058,1200494138; 178,496047944649; 100; 2417,62; 2331,333; 26,058; 25,691; 2,694; 
153; 1939351; 31,444; 80,756; 20,8775; 11,7143; 8,243; 15,195; 1377,3; 5,6; 737,92798; 2881; 216000; 1547,8781; 651593; 0,150040078495404; 73226,3881033548; 180,014968070982; 100; 2401,293; 2329,991; 26,063; 25,606; 2,705; 
154; 1939351; 31,654; 81,388; 20,8593; 11,7086; 9,291; 15,274; 1370,07; 5,3; 737,92798; 2881; 216000; 1547,8781; 651593; 0,146924694199812; 73624,7267757315; 181,550195785207; 100; 2384,01; 2322,029; 26,113; 25,3; 2,719; 
155; 1939351; 31,864; 81,978; 20,849; 11,7076; 10,332; 14,368; 1365,02; 5,3; 737,92798; 2881; 216000; 1547,8781; 651593; 0,149591917581647; 74341,8536021509; 180,553058867785; 100; 2369,749; 2314,755; 26,452; 25,215; 2,735; 
156; 1939351; 32,074; 82,572; 20,9125; 11,6761; 10,387; 12,992; 1344,95; 5,1; 737,92798; 2881; 216000; 1547,8781; 651593; 0,147878313742774; 74342,4043983466; 178,008844576229; 100; 2362,897; 2311,355; 26,97; 25,245; 2,747; 
157; 1939351; 32,284; 83,214; 20,9131; 11,6561; 9,913; 12,359; 1330,76; 5,6; 737,92798; 2881; 216000; 1547,8781; 651593; 0,155938127571402; 73349,1939891572; 172,146050534097; 100; 2358,954; 2314,342; 27,342; 25,177; 2,756; 
158; 1939351; 32,48; 83,81; 20,8698; 11,6468; 10,151; 11,346; 1321,74; 5,6; 737,92798; 2881; 216000; 1547,8781; 651593; 0,157472058229599; 73249,5313596998; 170,672396805103; 100; 2360,58; 2314,707; 27,817; 25,272; 2,753; 
159; 1939351; 32,69; 84,452; 20,8821; 11,6547; 11,106; 10,669; 1321,73; 5,7; 737,92798; 2881; 216000; 1547,8781; 651593; 0,161799199468905; 74092,4887183618; 169,572928071415; 100; 2368,718; 2317,004; 28,079; 25,269; 2,748; 
160; 1939351; 32,9; 85,046; 20,9117; 11,6535; 11,237; 11,998; 1322,72; 5,6; 737,92798; 2881; 216000; 1547,8781; 651593; 0,158806899335849; 73954,8751090509; 171,092789518496; 100; 2384,789; 2319,436; 28,111; 24,825; 2,734; 
161; 1939351; 33,11; 85,682; 20,902; 11,6857; 11,166; 14,368; 1340,41; 5,7; 737,92798; 2881; 216000; 1547,8781; 651593; 0,157841752138009; 73775,3601454447; 174,316900221135; 100; 2398,239; 2327,61; 27,936; 25,172; 2,724; 
162; 1939351; 33,306; 86,272; 20,8891; 11,7194; 11,189; 16,058; 1359,53; 5,5; 737,92798; 2881; 216000; 1547,8781; 651593; 0,152745173930107; 74079,5970696453; 179,462147318315; 100; 2410,552; 2331,218; 27,724; 25,649; 2,723; 
163; 1939351; 33,516; 86,862; 20,8567; 11,7487; 10,861; 17,332; 1379,58; 5,3; 737,92798; 2881; 216000; 1547,8781; 651593; 0,147615791603947; 74260,9369343164; 184,553624126345; 100; 2422,157; 2328,339; 27,191; 25,558; 2,728; 
164; 1939351; 33,726; 87,5; 20,91; 11,7471; 9,852; 17,354; 1382,84; 5,3; 737,92798; 2881; 216000; 1547,8781; 651593; 0,145951958578183; 73983,7069401682; 184,418220818033; 100; 2428,644; 2321,373; 26,784; 25,733; 2,745; 
165; 1939351; 33,936; 88,096; 20,9131; 11,762; 8,282; 16,271; 1398,26; 5,6; 737,92798; 2881; 216000; 1547,8781; 651593; 0,149183636355882; 73891,4202532664; 183,306916657653; 100; 2429,135; 2319,833; 26,46; 26,023; 2,766; 
166; 1939351; 34,146; 88,696; 20,8786; 11,7412; 7,783; 14,585; 1384,61; 5,2; 737,92798; 2881; 216000; 1547,8781; 651593; 0,143599881411902; 73581,3760529535; 183,475444919022; 100; 2408,488; 2320,468; 26,081; 25,807; 2,778; 
167; 1939351; 34,342; 89,345; 20,8458; 11,7322; 8,96; 13,334; 1371,94; 4,9; 737,92798; 2881; 216000; 1547,8781; 651593; 0,141981711583928; 74216,140720513; 183,650311069305; 100; 2385,685; 2316,789; 26,161; 25,345; 2,785; 
168; 1939351; 34,552; 89,948; 20,8703; 11,6866; 10,213; 13,559; 1344,11; 4,5; 737,92798; 2881; 216000; 1547,8781; 651593; 0,137673008896935; 74079,3530478223; 182,955031609111; 100; 2369,07; 2307,834; 26,5; 25,387; 2,782; 
169; 1939351; 34,762; 90,551; 20,8621; 11,6636; 10,406; 13,822; 1327,51; 4,6; 737,92798; 2881; 216000; 1547,8781; 651593; 0,139299098937931; 73271,5603740977; 180,271389981738; 100; 2358,954; 2306,278; 27,053; 25,422; 2,783; 
170; 1939351; 34,972; 91,201; 20,8227; 11,6494; 10,75; 13,4; 1315,99; 5,1; 737,92798; 2881; 216000; 1547,8781; 651593; 0,148080361484136; 72688,118778793; 175,28891006713; 100; 2353,408; 2302,995; 27,444; 25,172; 2,793; 
171; 1939351; 35,168; 91,807; 20,7994; 11,65; 11,126; 12,26; 1312,35; 5,2; 737,92798; 2881; 216000; 1547,8781; 651593; 0,151534571327517; 72996,7488725987; 173,628781135792; 100; 2363,106; 2301,802; 27,861; 24,961; 2,803; 
172; 1939351; 35,378; 92,414; 20,8666; 11,6345; 11,081; 11,518; 1301,25; 5,3; 737,92798; 2881; 216000; 1547,8781; 651593; 0,153989606436233; 72950,0970614137; 170,525207850948; 100; 2379,7; 2311,833; 27,895; 25,244; 2,806; 
173; 1939351; 35,574; 93,021; 20,8562; 11,6374; 10,565; 11,643; 1301,17; 5,6; 737,92798; 2881; 216000; 1547,8781; 651593; 0,158022222266415; 72355,0830317057; 168,517636773942; 100; 2399,361; 2313,061; 28,261; 24,917; 2,802; 
174; 1939351; 35,798; 93,628; 20,824; 11,6432; 10,605; 12,652; 1302,59; 5,9; 737,92798; 2881; 216000; 1547,8781; 651593; 0,162230412217602; 71810,8442511027; 167,517150785577; 100; 2415,927; 2314,397; 28,322; 25,108; 2,801; 
175; 1939351; 35,994; 94,282; 20,831; 11,6854; 11,07; 12,708; 1324,83; 6; 737,92798; 2881; 216000; 1547,8781; 651593; 0,164973369628114; 73044,8572318313; 169,708553051749; 100; 2422,733; 2322,203; 27,966; 25,524; 2,805; 
176; 1939351; 36,204; 94,889; 20,8516; 11,7095; 10,773; 13,242; 1340,77; 5,8; 737,92798; 2881; 216000; 1547,8781; 651593; 0,160215628772656; 73556,3878349215; 173,369530030663; 100; 2423,323; 2329,587; 27,314; 25,438; 2,802; 
177; 1939351; 36,4; 95,496; 20,8272; 11,7182; 9,906; 14,445; 1344,03; 5,8; 737,92798; 2881; 216000; 1547,8781; 651593; 0,157279792635502; 72584,8792218157; 174,727068884796; 100; 2414,138; 2330,746; 26,743; 25,506; 2,8; 
178; 1939351; 36,61; 96,149; 20,8063; 11,7221; 9,286; 15,678; 1342,13; 5,6; 737,92798; 2881; 216000; 1547,8781; 651593; 0,151451098638633; 71632,4942034125; 176,867681333996; 100; 2399,057; 2329,368; 26,503; 25,857; 2,801; 
179; 1939351; 36,82; 96,756; 20,7926; 11,7195; 8,97; 16,319; 1339,05; 5,5; 737,92798; 2881; 216000; 1547,8781; 651593; 0,148568012297907; 71040,1555775217; 177,676766047675; 100; 2380,965; 2325,929; 26,297; 25,998; 2,811; 
180; 1939351; 37,016; 97,366; 20,863; 11,6855; 9,089; 15,725; 1325,04; 5,2; 737,92798; 2881; 216000; 1547,8781; 651593; 0,144615556162528; 71200,3838978706; 176,92835837869; 100; 2369,25; 2318,829; 26,405; 25,576; 2,828; 
181; 1939351; 37,226; 98,027; 20,8731; 11,6687; 8,849; 14,817; 1316,32; 5,3; 737,92798; 2881; 216000; 1547,8781; 651593; 0,146667102684785; 70973,8304496303; 174,382313819991; 100; 2356,2; 2312,165; 26,531; 25,347; 2,844; 
182; 1939351; 37,436; 98,644; 20,8557; 11,6636; 9,273; 13,829; 1310,23; 4,9; 737,92798; 2881; 216000; 1547,8781; 651593; 0,142125180502126; 71433,3073121654; 175,913787003937; 100; 2351,568; 2307,238; 26,622; 25,464; 2,845; 
183; 1939351; 37,646; 99,26; 20,8128; 11,6558; 10,47; 13,28; 1302,23; 5; 737,92798; 2881; 216000; 1547,8781; 651593; 0,146204518009886; 71821,824147456; 174,332160191332; 100; 2354,442; 2302,975; 27,053; 25,15; 2,846; 
184; 1939351; 37,856; 99,924; 20,831; 11,6349; 11,12; 13,265; 1287,37; 4,9; 737,92798; 2881; 216000; 1547,8781; 651593; 0,145797219871388; 71714,9138420679; 173,037286877213; 100; 2374,341; 2314,676; 27,41; 25,131; 2,85; 
185; 1939351; 38,066; 100,542; 20,8425; 11,6542; 11,041; 12,771; 1295,4; 5,3; 737,92798; 2881; 216000; 1547,8781; 651593; 0,152695706468793; 72014,6302047871; 170,94034298001; 100; 2402,264; 2324,848; 28,08; 25,464; 2,854; 
186; 1939351; 38,262; 101,207; 20,8142; 11,6622; 10,688; 11,983; 1299,87; 5,4; 737,92798; 2881; 216000; 1547,8781; 651593; 0,154560401337817; 72078,5610162452; 170,467249453799; 100; 2422,472; 2322,536; 28,412; 25,383; 2,855; 
187; 1939351; 38,472; 101,825; 20,8103; 11,6787; 10,508; 12,722; 1308,64; 5,5; 737,92798; 2881; 216000; 1547,8781; 651593; 0,155142187130574; 72018,8599288295; 171,415448928649; 100; 2428,241; 2322,727; 28,566; 24,871; 2,849; 
188; 1939351; 38,682; 102,489; 20,8772; 11,6848; 10,359; 14,316; 1313,07; 5,2; 737,92798; 2881; 216000; 1547,8781; 651593; 0,148277342278737; 71997,1774834679; 174,641473515677; 100; 2424,108; 2324,572; 28,368; 25,593; 2,844; 
189; 1939351; 38,878; 103,105; 20,8748; 11,6851; 9,914; 15,454; 1315,34; 5,3; 737,92798; 2881; 216000; 1547,8781; 651593; 0,147928095320421; 71359,3188838357; 174,921332953448; 100; 2411,074; 2323,612; 27,669; 25,903; 2,847; 
190; 1939351; 39,088; 103,722; 20,8544; 11,6839; 9,619; 16,153; 1315,96; 5; 737,92798; 2881; 216000; 1547,8781; 651593; 0,142009510012096; 71012,4509511637; 177,607134667208; 100; 2391,905; 2322,985; 27,033; 25,727; 2,847; 
191; 1939351; 39,298; 104,387; 20,8593; 11,7068; 9,463; 15,375; 1324,69; 5,1; 737,92798; 2881; 216000; 1547,8781; 651593; 0,144089527190934; 71499,6419399625; 177,587978506374; 100; 2372,531; 2321,44; 26,356; 25,42; 2,856; 
192; 1939351; 39,508; 105,006; 20,8962; 11,7143; 8,914; 15,12; 1327,29; 4,9; 737,92798; 2881; 216000; 1547,8781; 651593; 0,140406439249417; 71575,876724052; 178,82901531073; 100; 2360,815; 2320,665; 25,68; 25,047; 2,867; 
193; 1939351; 39,718; 105,628; 20,8776; 11,7069; 8,714; 14,987; 1323,52; 4,7; 737,92798; 2881; 216000; 1547,8781; 651593; 0,137165624047024; 71347,1565022002; 179,720367213548; 100; 2355,913; 2314,88; 25,362; 24,523; 2,874; 
194; 1939351; 39,928; 106,299; 20,8703; 11,6973; 9,842; 14,448; 1322,2; 4,8; 737,92798; 2881; 216000; 1547,8781; 651593; 0,140968821047298; 72189,3600848027; 178,694254480392; 100; 2353,011; 2307,239; 25,169; 23,88; 2,878; 
195; 1939351; 40,124; 106,874; 20,8804; 11,7; 10,9; 13,963; 1319,15; 4,6; 737,92798; 2881; 216000; 1547,8781; 651593; 0,140076448429098; 73057,4879857917; 179,562879008565; 100; 2358,073; 2303,661; 24,974; 23,486; 2,878; 
196; 1939351; 40,334; 107,545; 20,9145; 11,695; 11,353; 13,722; 1317,67; 4,7; 737,92798; 2881; 216000; 1547,8781; 651593; 0,142641060031091; 73486,1039507426; 178,309772399622; 100; 2376,176; 2309,22; 24,851; 23,163; 2,876; 
197; 1939351; 40,544; 108,169; 20,8966; 11,6969; 11,328; 13,493; 1320,82; 5,1; 737,92798; 2881; 216000; 1547,8781; 651593; 0,149174096582192; 73415,3744576911; 175,829495365134; 100; 2399,853; 2321,75; 24,602; 22,654; 2,882; 
198; 1939351; 40,74; 108,793; 20,8455; 11,7137; 11,088; 13,2; 1328,92; 5,5; 737,92798; 2881; 216000; 1547,8781; 651593; 0,155716547636758; 73281,0152940032; 174,204551514994; 100; 2415,75; 2328,018; 24,927; 22,208; 2,885; 
199; 1939351; 40,95; 109,467; 20,8324; 11,7276; 10,639; 13,227; 1330,78; 5,3; 737,92798; 2881; 216000; 1547,8781; 651593; 0,151530159059553; 73050,0165264268; 176,021875617299; 100; 2424,429; 2328,349; 24,823; 22,216; 2,89; 
200; 1939351; 41,16; 110,092; 20,8645; 11,7294; 9,632; 13,693; 1332,66; 5,3; 737,92798; 2881; 216000; 1547,8781; 651593; 0,149309062965957; 72436,8853695179; 176,208786408651; 100; 2429,274; 2330,79; 24,343; 21,879; 2,888; 
201; 1939351; 41,37; 110,718; 20,8476; 11,7214; 9,302; 14,748; 1328,19; 5,1; 737,92798; 2881; 216000; 1547,8781; 651593; 0,1444476982303; 71677,1437932016; 177,78166883574; 100; 2423,226; 2334,105; 24,033; 21,035; 2,89; 
202; 1939351; 41,566; 111,344; 20,8031; 11,7112; 9,579; 15,447; 1324,53; 4,9; 737,92798; 2881; 216000; 1547,8781; 651593; 0,141041101902686; 71383,7575011444; 179,473461551077; 100; 2412,325; 2322,657; 23,449; 21,258; 2,892; 
203; 1939351; 41,776; 112,019; 20,8494; 11,7005; 9,452; 15,994; 1316,79; 4,7; 737,92798; 2881; 216000; 1547,8781; 651593; 0,137369669791847; 71056,3072353337; 179,809807165503; 100; 2396,862; 2311,379; 22,665; 21,217; 2,896; 
204; 1939351; 41,986; 112,598; 20,8703; 11,697; 8,828; 16,154; 1312,81; 4,7; 737,92798; 2881; 216000; 1547,8781; 651593; 0,136267129954265; 70477,9813038155; 179,133669870494; 100; 2379,601; 2309,103; 22,15; 20,606; 2,898; 
205; 1939351; 42,182; 113,276; 20,8492; 11,6713; 8,954; 15,29; 1298,68; 4,9; 737,92798; 2881; 216000; 1547,8781; 651593; 0,140228381450323; 70060,086326528; 175,489533853598; 100; 2366,132; 2310,875; 21,324; 20,217; 2,916; 
206; 1939351; 42,392; 113,908; 20,8269; 11,6785; 10,024; 13,715; 1298,09; 5; 737,92798; 2881; 216000; 1547,8781; 651593; 0,145108180622646; 71126,7715438649; 174,1091698177; 100; 2359,596; 2313,632; 20,631; 20,098; 2,93; 
207; 1939351; 42,602; 114,544; 20,8607; 11,6725; 10,968; 11,944; 1293,79; 5,2; 737,92798; 2881; 216000; 1547,8781; 651593; 0,151862381272531; 72223,1008887864; 170,907408635913; 100; 2358,277; 2313,554; 20,093; 19,823; 2,94; 
208; 1939351; 42,798; 115,181; 20,8586; 11,6667; 10,794; 10,948; 1288,83; 5,3; 737,92798; 2881; 216000; 1547,8781; 651593; 0,154300926728465; 72160,9573520472; 168,917917897301; 100; 2361,09; 2316,378; 19,912; 19,294; 2,939; 
209; 1939351; 43,008; 115,866; 20,8198; 11,6778; 11,119; 11,702; 1293,15; 5,3; 737,92798; 2881; 216000; 1547,8781; 651593; 0,154067899250824; 72133,6878133616; 170,30988016631; 100; 2382,265; 2322,213; 19,191; 18,716; 2,932; 
210; 1939351; 43,218; 116,451; 20,8067; 11,7036; 11,843; 13,07; 1308,29; 5,4; 737,92798; 2881; 216000; 1547,8781; 651593; 0,155602711365492; 72707,7567105912; 172,664418822888; 100; 2408,448; 2327,094; 19,029; 18,395; 2,921; 
211; 1939351; 43,428; 117,132; 20,8691; 11,7346; 12,027; 14,571; 1323,02; 5,8; 737,92798; 2881; 216000; 1547,8781; 651593; 0,161232357450968; 73006,9945033535; 172,388760718167; 100; 2422,951; 2335,746; 19,144; 18,249; 2,923; 
212; 1939351; 43,638; 117,766; 20,8652; 11,7535; 11,773; 15,394; 1335,67; 5,7; 737,92798; 2881; 216000; 1547,8781; 651593; 0,158192150306509; 73146,1109410704; 175,247702878001; 100; 2439,754; 2333,197; 19,131; 18,045; 2,932; 
213; 1939351; 43,848; 118,4; 20,8356; 11,7557; 11,916; 16,612; 1337,34; 5,1; 737,92798; 2881; 216000; 1547,8781; 651593; 0,147049945262009; 73054,4106002171; 180,793955423166; 100; 2443,378; 2332,504; 18,902; 17,638; 2,931; 
214; 1939351; 44,058; 119,035; 20,8307; 11,7711; 11,324; 16,852; 1346,79; 5,3; 737,92798; 2881; 216000; 1547,8781; 651593; 0,149056221805181; 72865,0873376609; 180,734617975519; 100; 2440,403; 2337,254; 18,703; 17,16; 2,933; 
215; 1939351; 44,268; 119,72; 20,8844; 11,7705; 8,719; 15,687; 1350,69; 5,5; 737,92798; 2881; 216000; 1547,8781; 651593; 0,149007936958967; 71860,5642286506; 178,323607886606; 100; 2427,175; 2337,045; 18,998; 16,846; 2,938; 
216; 1939351; 44,464; 120,357; 20,8598; 11,7686; 6,618; 14,034; 1352,37; 5,5; 737,92798; 2881; 216000; 1547,8781; 651593; 0,147016252761294; 71012,7269704618; 177,372245854796; 100; 2406,362; 2331,997; 18,915; 16,614; 2,945; 
217; 1939351; 44,674; 120,995; 20,8518; 11,7574; 7,073; 13,043; 1346,37; 5,2; 737,92798; 2881; 216000; 1547,8781; 651593; 0,144008709352704; 71514,672000071; 178,118405747513; 100; 2388,866; 2329,456; 18,641; 16,365; 2,947; 
218; 1939351; 44,884; 121,633; 20,8854; 11,7466; 9,18; 12,784; 1340,06; 5,1; 737,92798; 2881; 216000; 1547,8781; 651593; 0,146251530079568; 72944,1998715134; 177,844457289354; 100; 2374,272; 2329,145; 18,341; 15,933; 2,945; 
219; 1939351; 45,08; 122,271; 20,9218; 11,7259; 10,656; 12,776; 1330,29; 5,2; 737,92798; 2881; 216000; 1547,8781; 651593; 0,150435163824215; 73635,0478805142; 175,732505833344; 100; 2366,956; 2326,121; 18,166; 15,293; 2,943; 
220; 1939351; 45,29; 122,908; 20,9193; 11,7292; 10,898; 13,011; 1332,35; 5,2; 737,92798; 2881; 216000; 1547,8781; 651593; 0,150610134763401; 73797,548411062; 176,205357883597; 100; 2361,782; 2321,723; 17,861; 14,95; 2,939; 
221; 1939351; 45,5; 123,592; 20,9074; 11,76; 11,494; 12,934; 1350,22; 5,4; 737,92798; 2881; 216000; 1547,8781; 651593; 0,155087766878431; 74857,3384592174; 177,224796438116; 100; 2361,986; 2316,254; 17,1; 15,068; 2,935; 
222; 1939351; 45,696; 124,228; 20,873; 11,7676; 11,942; 13,462; 1360,42; 5,5; 737,92798; 2881; 216000; 1547,8781; 651593; 0,156999287124943; 75259,0706374131; 178,404059150274; 100; 2372,667; 2315,599; 16,335; 14,751; 2,933; 
223; 1939351; 45,906; 124,863; 20,8712; 11,7588; 12,033; 14,543; 1354,61; 5,5; 737,92798; 2881; 216000; 1547,8781; 651593; 0,156014618998592; 74677,6851801943; 178,388684874177; 100; 2397,698; 2319,431; 15,894; 14,726; 2,93; 
224; 1939351; 46,116; 125,547; 20,8794; 11,776; 12,052; 14,66; 1368,15; 5,8; 737,92798; 2881; 216000; 1547,8781; 651593; 0,161101015980401; 75152,7043333491; 177,959450521887; 100; 2421,572; 2322,553; 15,355; 14,142; 2,934; 
225; 1939351; 46,312; 126,182; 20,817; 11,7773; 11,481; 14,748; 1373,49; 5,8; 737,92798; 2881; 216000; 1547,8781; 651593; 0,159865365204201; 74726,2978772212; 179,080069609349; 100; 2433,661; 2327,846; 14,49; 13,854; 2,937; 
226; 1939351; 46,522; 126,769; 20,8384; 11,7762; 10,882; 15,384; 1374,82; 5,6; 737,92798; 2881; 216000; 1547,8781; 651593; 0,154738035739759; 74366,3799286624; 180,864910952637; 100; 2438,157; 2325,941; 14,124; 13,536; 2,939; 
227; 1939351; 46,732; 127,455; 20,8343; 11,7771; 9,36; 15,784; 1378,72; 5,7; 737,92798; 2881; 216000; 1547,8781; 651593; 0,153290311257045; 73333,7994042815; 180,765451385204; 100; 2441,998; 2327,064; 13,789; 12,959; 2,938; 
228; 1939351; 46,928; 128,091; 20,7976; 11,7587; 8,19; 16,711; 1361,95; 5,6; 737,92798; 2881; 216000; 1547,8781; 651593; 0,148525942807393; 71344,7944257415; 180,144426401337; 100; 2436,196; 2328,685; 13,323; 12,973; 2,941; 
229; 1939351; 47,138; 128,729; 20,8227; 11,7424; 8,445; 16,907; 1347,51; 5,6; 737,92798; 2881; 216000; 1547,8781; 651593; 0,148728912458369; 70897,6260361445; 178,278910484999; 100; 2421,71; 2330,487; 12,976; 13,013; 2,955; 
230; 1939351; 47,348; 129,37; 20,8615; 11,7195; 8,838; 15,657; 1337,86; 5,2; 737,92798; 2881; 216000; 1547,8781; 651593; 0,144315700224316; 71558,6047093408; 178,658211026148; 100; 2400,847; 2326,346; 12,997; 12,438; 2,967; 
231; 1939351; 47,544; 130,014; 20,832; 11,6865; 8,872; 14,228; 1321,46; 5,1; 737,92798; 2881; 216000; 1547,8781; 651593; 0,14415024670232; 71304,1933244675; 176,426377986046; 100; 2380,775; 2327,041; 12,649; 11,978; 2,977; 
232; 1939351; 47,754; 130,709; 20,8136; 11,6599; 9,442; 13,292; 1300,55; 4,9; 737,92798; 2881; 216000; 1547,8781; 651593; 0,142900140659365; 71076,4860173794; 174,701405801416; 100; 2370,945; 2330,064; 12,322; 11,417; 2,981; 
233; 1939351; 47,964; 131,355; 20,8024; 11,6753; 10,73; 12,509; 1304,25; 5,2; 737,92798; 2881; 216000; 1547,8781; 651593; 0,150729699304364; 72144,4894747759; 172,92671677542; 100; 2368,504; 2328,6; 12,139; 11,049; 2,983; 
234; 1939351; 48,174; 132,001; 20,8489; 11,6706; 10,757; 11,92; 1302,86; 5,3; 737,92798; 2881; 216000; 1547,8781; 651593; 0,153098592744581; 72460,6678982069; 171,313770432485; 100; 2370,458; 2326,115; 11,932; 10,941; 2,983; 
235; 1939351; 48,37; 132,646; 20,8286; 11,6687; 10,996; 12,157; 1299,16; 5,6; 737,92798; 2881; 216000; 1547,8781; 651593; 0,158426027362847; 72126,6748371943; 169,069038353021; 100; 2378,437; 2319,415; 11,609; 10,358; 2,976; 
236; 1939351; 48,58; 133,34; 20,8033; 11,6838; 11,349; 13,066; 1306,55; 5,5; 737,92798; 2881; 216000; 1547,8781; 651593; 0,156350256786677; 72306,3451777794; 171,570776534712; 100; 2402,252; 2323,693; 11,165; 10,033; 2,971; 
237; 1939351; 48,79; 133,982; 20,8107; 11,7091; 11,857; 14,263; 1318,91; 5,7; 737,92798; 2881; 216000; 1547,8781; 651593; 0,159495258539705; 72693,0419478583; 172,585365979225; 100; 2422,141; 2331,34; 10,901; 9,919; 2,964; 
238; 1939351; 49; 134,624; 20,8432; 11,7106; 12,465; 14,934; 1325,62; 5,9; 737,92798; 2881; 216000; 1547,8781; 651593; 0,163334429767992; 73244,5802819846; 172,255447713073; 100; 2443,385; 2341,265; 10,583; 9,477; 2,962; 
239; 1939351; 49,21; 135,315; 20,8309; 11,746; 12,538; 15,798; 1341,68; 6; 737,92798; 2881; 216000; 1547,8781; 651593; 0,164405852081276; 73560,8041850429; 174,330369391599; 100; 2449,503; 2345,238; 10,003; 9,136; 2,962; 
240; 1939351; 49,406; 135,957; 20,7931; 11,7789; 12,03; 16,916; 1361,63; 6,1; 737,92798; 2881; 216000; 1547,8781; 651593; 0,164040524477737; 73487,1161005905; 177,167875621135; 100; 2447,125; 2342,776; 9,409; 8,77; 2,964; 
241; 1939351; 49,616; 136,599; 20,8581; 11,777; 10,787; 17,535; 1366,63; 6; 737,92798; 2881; 216000; 1547,8781; 651593; 0,159035047325173; 73036,1635304674; 178,369184712832; 100; 2432,071; 2339,059; 9,172; 8,187; 2,968; 
242; 1939351; 49,826; 137,292; 20,8833; 11,8015; 9,36; 15,979; 1391,92; 6,4; 737,92798; 2881; 216000; 1547,8781; 651593; 0,165426136126702; 73722,891915859; 177,198968496694; 100; 2414,773; 2336,233; 9,188; 7,905; 2,975; 
243; 1939351; 50,036; 137,937; 20,8512; 11,8063; 8,007; 13,252; 1402,64; 6,3; 737,92798; 2881; 216000; 1547,8781; 651593; 0,164185505104607; 74186,9724582959; 177,45361252239; 100; 2391,537; 2335,063; 8,507; 7,335; 2,976; 
244; 1939351; 50,232; 138,581; 20,8495; 11,8076; 7,649; 12,273; 1405,74; 6,2; 737,92798; 2881; 216000; 1547,8781; 651593; 0,162788186890784; 74477,0990189752; 177,874844968825; 100; 2377,771; 2334,73; 7,889; 7,064; 2,973; 
245; 1939351; 50,456; 139,273; 20,8793; 11,7861; 8,369; 12,27; 1395,63; 6,1; 737,92798; 2881; 216000; 1547,8781; 651593; 0,16220403342821; 74720,1866581781; 177,114170600654; 100; 2372,038; 2325,969; 7,438; 6,34; 2,968; 
246; 1939351; 50,652; 139,916; 20,8731; 11,7677; 9,466; 12,747; 1379,88; 5,8; 737,92798; 2881; 216000; 1547,8781; 651593; 0,158429510191879; 74686,1187873078; 177,771507532474; 100; 2383,702; 2321,465; 7,016; 5,951; 2,962; 
247; 1939351; 50,862; 140,557; 20,8269; 11,7579; 10,915; 13,055; 1368,31; 5,7; 737,92798; 2881; 216000; 1547,8781; 651593; 0,158993221310228; 74850,1067022303; 177,745900337217; 100; 2405,901; 2326,654; 6,334; 5,624; 2,958; 
248; 1939351; 51,072; 141,246; 20,8939; 11,7558; 12,069; 13,034; 1367,62; 5,9; 737,92798; 2881; 216000; 1547,8781; 651593; 0,164694813683267; 75800,0801247738; 175,791383438423; 100; 2424,14; 2341,625; 5,793; 4,909; 2,954; 
249; 1939351; 51,268; 141,886; 20,8835; 11,7677; 12,248; 12,879; 1382,99; 6,1; 737,92798; 2881; 216000; 1547,8781; 651593; 0,1689240216272; 76557,2944926585; 176,13699877171; 100; 2434,017; 2342,975; 5,308; 3,088; 2,95; 
250; 1939351; 51,478; 142,524; 20,8356; 11,745; 11,719; 13,099; 1364,68; 6,1; 737,92798; 2881; 216000; 1547,8781; 651593; 0,167676069970796; 75086,401340952; 174,308066320519; 100; 2445,084; 2344,568; 3,165; 1,384; 2,946; 
251; 1939351; 51,688; 143,211; 20,8353; 11,7587; 11,024; 13,709; 1372,94; 6,4; 737,92798; 2881; 216000; 1547,8781; 651593; 0,171348975576486; 74629,4192072042; 173,51241359329; 100; 2450,025; 2343,552; 1,555; 0,664; 2,941; 
252; 1939351; 51,898; 143,896; 20,8694; 11,7701; 10,494; 14,432; 1384,51; 6,5; 737,92798; 2881; 216000; 1547,8781; 651593; 0,171284075850373; 74666,4225339919; 174,427318940271; 100; 2437,514; 2338,534; 0,82; 0,435; 2,933; 
253; 1939351; 52,094; 144,531; 20,8757; 11,7771; 10,502; 15,593; 1395,79; 6,5; 737,92798; 2881; 216000; 1547,8781; 651593; 0,169875905488321; 74838,0877918525; 176,537123811582; 100; 2415,915; 2334,148; 0,518; 0,276; 2,931; 
254; 1939351; 52,304; 145,215; 20,8282; 11,7932; 10,68; 16,683; 1407,63; 6,4; 737,92798; 2881; 216000; 1547,8781; 651593; 0,167156227547749; 74936,6546155185; 179,86664659353; 100; 2390,907; 2334,448; 0,415; 0,175; 2,934; 
255; 1939351; 52,514; 145,852; 20,7987; 11,8043; 10,334; 17,264; 1418,94; 6,5; 737,92798; 2881; 216000; 1547,8781; 651593; 0,167765889919372; 74841,733317875; 181,101618060169; 100; 2382,095; 2337,245; 0,351; 0,166; 2,947; 
256; 1939351; 52,724; 146,491; 20,876; 11,7942; 9,781; 16,625; 1413,45; 6,4; 737,92798; 2881; 216000; 1547,8781; 651593; 0,165385857758893; 74862,8239386529; 180,13095163566; 100; 2376,816; 2335,115; 0,34; 0,165; 2,958; 
257; 1939351; 52,934; 147,132; 20,8924; 11,7951; 9,567; 15,99; 1418,78; 6,6; 737,92798; 2881; 216000; 1547,8781; 651593; 0,16945122708999; 75185,3182635203; 178,671285323815; 100; 2384,66; 2335,008; 0,339; 0,165; 2,971; 
258; 1939351; 53,13; 147,826; 20,863; 11,7868; 9,912; 14,652; 1413,09; 6,5; 737,92798; 2881; 216000; 1547,8781; 651593; 0,169844738233244; 75540,545813818; 177,979900492151; 100; 2412,663; 2338,504; 0,339; 0,165; 2,978; 
259; 1939351; 53,34; 148,471; 20,8533; 11,7885; 10,333; 13,359; 1409,37; 6,5; 737,92798; 2881; 216000; 1547,8781; 651593; 0,17233564372805; 76028,1687758054; 176,721535646004; 100; 2438,096; 2343,503; 0,339; 0,165; 2,981; 
260; 1939351; 53,55; 149,166; 20,883; 11,7987; 10,377; 12,139; 1421,53; 6,7; 737,92798; 2881; 216000; 1547,8781; 651593; 0,177907276974418; 77081,399626767; 175,554086440915; 100; 2453,389; 2349,363; 0,339; 0,165; 2,974; 
261; 1939351; 53,746; 149,76; 20,8651; 11,8054; 10,379; 11,506; 1432,55; 6,8; 737,92798; 2881; 216000; 1547,8781; 651593; 0,180828242895542; 77695,1785692424; 175,718996137818; 100; 2459,755; 2349,664; 0,339; 0,165; 2,966; 
262; 1939351; 53,956; 150,45; 20,8068; 11,8104; 10,893; 12,542; 1433,29; 6,8; 737,92798; 2881; 216000; 1547,8781; 651593; 0,180781105479819; 77427,8052290305; 176,988015837651; 100; 2460,001; 2351,681; 0,339; 0,165; 2,954; 
263; 1939351; 54,166; 151,089; 20,843; 11,8243; 11,702; 13,268; 1446,4; 7,2; 737,92798; 2881; 216000; 1547,8781; 651593; 0,190235548212328; 78277,2232299794; 175,616077173695; 100; 2451,263; 2349,868; 0,339; 0,165; 2,95; 
264; 1939351; 54,362; 151,778; 20,8776; 11,8365; 11,395; 13,277; 1464,39; 7,4; 737,92798; 2881; 216000; 1547,8781; 651593; 0,193971056417786; 78976,9758194358; 175,830708660036; 100; 2436,022; 2347,054; 0,339; 0,165; 2,951; 
265; 1939351; 54,572; 152,417; 20,8629; 11,8298; 10,726; 13,674; 1462,23; 7,2; 737,92798; 2881; 216000; 1547,8781; 651593; 0,187393053472284; 78351,5352787785; 177,591818182136; 100; 2414,273; 2340,589; 0,339; 0,165; 2,949; 
266; 1939351; 54,782; 153,055; 20,8563; 11,8493; 10,353; 13,509; 1480,07; 7,5; 737,92798; 2881; 216000; 1547,8781; 651593; 0,193772486325682; 78786,716363583; 177,153954848191; 100; 2389,365; 2336,936; 0,339; 0,165; 2,949; 
267; 1939351; 54,992; 153,693; 20,8932; 11,8571; 9,456; 13,421; 1494,33; 7,5; 737,92798; 2881; 216000; 1547,8781; 651593; 0,191719105342128; 79073,0391543051; 178,487067260615; 100; 2378,401; 2330,936; 0,339; 0,165; 2,946; 
268; 1939351; 55,202; 154,38; 20,906; 11,8533; 8,253; 13,489; 1494,67; 7,4; 737,92798; 2881; 216000; 1547,8781; 651593; 0,186616166869139; 78398,9725348345; 179,334724671464; 100; 2379,164; 2327,297; 0,339; 0,165; 2,938; 
269; 1939351; 55,398; 155,016; 20,8912; 11,8485; 8,649; 13,844; 1499,97; 7,3; 737,92798; 2881; 216000; 1547,8781; 651593; 0,184791741511154; 78801,6426301849; 181,048992813206; 100; 2389,914; 2329,701; 0,339; 0,165; 2,935; 
270; 1939351; 55,608; 155,651; 20,8833; 11,8346; 11,176; 15,021; 1485,12; 6,8; 737,92798; 2881; 216000; 1547,8781; 651593; 0,177938003426044; 79596,567500129; 184,244884857224; 100; 2410,514; 2336,5; 0,339; 0,165; 2,934; 
271; 1939351; 55,818; 156,336; 20,9602; 11,8264; 10,867; 15,717; 1480,01; 6,6; 737,92798; 2881; 216000; 1547,8781; 651593; 0,172275011124174; 79395,2078042903; 185,156135954218; 100; 2435,764; 2342,215; 0,339; 0,165; 2,939; 
272; 1939351; 56,028; 156,973; 20,9539; 11,8231; 4,519; 15,379; 1484,27; 6,4; 737,92798; 2881; 216000; 1547,8781; 651593; 0,157148018809131; 75562,4661656385; 186,743387791965; 100; 2448,146; 2345,157; 0,339; 0,165; 2,946; 
273; 1939351; 56,238; 157,612; 20,9399; 11,837; 0,868; 15,046; 1497,25; 6,3; 737,92798; 2881; 216000; 1547,8781; 651593; 0,149534699167845; 73797,6621402309; 188,797249698951; 100; 2452; 2346,194; 0,339; 0,165; 2,951; 
274; 1939351; 56,448; 158,251; 20,9103; 11,8168; 0,151; 13,966; 1488,03; 6,5; 737,92798; 2881; 216000; 1547,8781; 651593; 0,152516360949584; 73107,4420098874; 185,582223471014; 100; 2455,951; 2349,797; 0,339; 0,165; 2,952; 
275; 1939351; 56,658; 158,94; 20,8857; 11,8584; 0,026; 13,207; 1506,97; 7,5; 737,92798; 2881; 216000; 1547,8781; 651593; 0,171658111784303; 73509,869937208; 180,234240066366; 100; 2453,597; 2348,897; 0,339; 0,165; 2,961; 
276; 1939351; 56,854; 159,583; 20,8924; 11,9077; 0,005; 8,5; 1580,38; 8,5; 737,92798; 2881; 216000; 1547,8781; 651593; 0,201647657991784; 78653,4816433781; 176,281647137828; 100; 2440,3; 2354,726; 0,339; 0,165; 2,976; 
277; 1939351; 57,064; 160,224; 20,8584; 11,9424; 0,001; 7,301; 1614,72; 8,2; 737,92798; 2881; 216000; 1547,8781; 651593; 0,197077252900281; 80560,6539680967; 181,910624508038; 100; 2418,796; 2348,533; 0,339; 0,165; 2,934; 
278; 1939351; 57,274; 160,905; 20,8824; 11,9797; 0; 10,739; 1651,51; 8,2; 737,92798; 2881; 216000; 1547,8781; 651593; 0,192812710537473; 81099,775185414; 188,555920251778; 100; 2402,286; 2342,245; 0,339; 0,165; 2,904; 
279; 1939351; 57,484; 161,533; 20,897; 11,9896; 0; 13,227; 1670,8; 8; 737,92798; 2881; 216000; 1547,8781; 651593; 0,184990139347052; 80754,9341316547; 194,545697545228; 100; 2392,074; 2337,057; 0,339; 0,165; 2,894; 
280; 1939351; 57,694; 162,159; 20,885; 12,0035; 0; 15,297; 1692,5; 7,7; 737,92798; 2881; 216000; 1547,8781; 651593; 0,176278685376708; 81103,9116433635; 201,328223666414; 100; 2387,425; 2331,112; 0,339; 0,165; 2,886; 
281; 1939351; 57,904; 162,834; 20,8748; 12,0071; 0; 15,579; 1707,96; 8,4; 737,92798; 2881; 216000; 1547,8781; 651593; 0,191768480730462; 81911,0258124512; 196,761748923617; 100; 2385,788; 2330,622; 0,339; 0,165; 2,903; 
282; 1939351; 58,1; 163,465; 20,8595; 12,0238; 0; 13,34; 1734,63; 8,3; 737,92798; 2881; 216000; 1547,8781; 651593; 0,193078923918786; 83882,6413002028; 198,879494004548; 100; 2385,587; 2327,36; 0,339; 0,165; 2,925; 
283; 1939351; 58,296; 164,099; 20,8442; 11,9894; 0; 10,49; 1711,32; 8,2; 737,92798; 2881; 216000; 1547,8781; 651593; 0,193908204075669; 83891,2758826646; 194,966555314677; 100; 2392,708; 2326,556; 0,339; 0,165; 2,936; 
284; 1939351; 58,506; 164,736; 20,8206; 11,9465; 0; 6,876; 1676,41; 7,4; 737,92798; 2881; 216000; 1547,8781; 651593; 0,179609514124562; 83377,0291387532; 195,816044529561; 100; 2411,072; 2332,596; 0,339; 0,165; 2,947; 
285; 1939351; 58,716; 165,374; 20,8049; 11,9092; 0; 2,432; 1653,68; 7,9; 737,92798; 2881; 216000; 1547,8781; 651593; 0,196362207413416; 84213,5630086272; 185,0596222863; 100; 2440,299; 2338,055; 0,339; 0,165; 2,947; 
286; 1939351; 58,912; 166,06; 20,7501; 11,9017; 0; 0,481; 1644,69; 7,9; 737,92798; 2881; 216000; 1547,8781; 651593; 0,199374773300821; 84227,3311121111; 182,935359692925; 100; 2455,805; 2339,921; 0,339; 0,165; 2,936; 
287; 1939351; 59,122; 166,694; 20,7441; 11,8885; 0; 0,44; 1635,49; 7,2; 737,92798; 2881; 216000; 1547,8781; 651593; 0,182681805890869; 83612,6955535709; 188,404964927363; 100; 2463,613; 2344,478; 0,339; 0,165; 2,902; 
288; 1939351; 59,332; 167,318; 20,7862; 11,8993; 0; 4,615; 1645,93; 6,7; 737,92798; 2881; 216000; 1547,8781; 651593; 0,167321484488273; 83082,6966203637; 196,834680457492; 100; 2466,161; 2344,223; 0,339; 0,165; 2,853; 
289; 1939351; 59,528; 167,933; 20,785; 11,883; 0; 11,918; 1636,35; 7,5; 737,92798; 2881; 216000; 1547,8781; 651593; 0,174785171472586; 79745,8180767731; 194,222411885417; 100; 2462,607; 2346,094; 0,339; 0,165; 2,827; 
290; 1939351; 59,752; 168,593; 20,7652; 11,3128; 0; 10,109; 1410,58; 9; 737,92798; 2881; 216000; 1547,8781; 651593; 0,198740738053127; 71444,8478857353; 154,057434133922; 100; 2446,308; 2351,638; 0,339; 0,165; 2,851; 
