Lp.	MatID	xTime	xLoc	EnThick	ExThick	EnTens	ExTens	RollForce	FSlip	Daiameter	Rolled length for Work Rolls [m]	youngModulus	Backup roll dia.	Rolled length for Backup rolls	mu	torque	averageSigma	inputError	LubWFlUp	LubWFlLo	LubOilFlUp	LubOilFlLo	Work roll speed	
1	1939351	0.168	0.588	11.2161	7.503	0	0	1115.75	0	796.36298	4103	216000	1501.276	1003729	0	0	0	113	2402.483	2296.027	0.339	0.339	3.549	 
2	1939351	0.364	1.389	11.4968	7.8673	1.398	0	1302.11	0	796.36298	4103	216000	1501.276	1003729	0	0	0	113	2373.98	2290.115	0.339	0.339	3.494	 
3	1939351	0.574	2.116	11.6235	8.0989	5.266	0	1265.16	0	796.36298	4103	216000	1501.276	1003729	0	0	0	113	2356.567	2286.817	0.339	0.339	3.435	 
4	1939351	0.784	2.84	11.7038	8.1482	11.779	0	1240.06	0	796.36298	4103	216000	1501.276	1003729	0	0	0	113	2347.34	2284.71	0.339	0.339	3.44	 
5	1939351	0.994	3.619	11.7612	8.1563	14.938	0	1253.8	0	796.36298	4103	216000	1501.276	1003729	0	0	0	113	2349.692	2281.127	0.339	0.339	3.439	 
6	1939351	1.19	4.343	11.7592	8.1488	16.059	0	1250.34	0	796.36298	4103	216000	1501.276	1003729	0	0	0	113	2351.838	2284.685	0.339	0.339	3.436	 
7	1939351	1.4	5.067	11.761	8.1564	16.473	0	1257.36	0	796.36298	4103	216000	1501.276	1003729	0	0	0	113	2350.38	2288.178	0.339	0.339	3.442	 
8	1939351	1.61	5.848	11.7799	8.1525	14.906	0	1261.81	0	796.36298	4103	216000	1501.276	1003729	0	0	0	113	2341.421	2280.782	0.339	0.339	3.442	 
9	1939351	1.806	6.574	11.7633	8.1678	15.111	0.187	1275.4	0	796.36298	4103	216000	1501.276	1003729	0	0	0	113	2328.167	2266.929	0.339	0.339	3.45	 
10	1939351	2.016	7.3	11.7858	8.2076	14.424	3.152	1314.9	0	796.36298	4103	216000	1501.276	1003729	0	0	0	113	2306.336	2258.452	0.339	0.339	3.442	 
11	1939351	2.226	8.024	11.7629	8.2132	12.214	8.382	1318.89	13.2	796.36298	4103	216000	1501.276	1003729	0	0	0	100	2292.107	2252.928	0.339	0.339	3.448	 
12	1939351	2.436	8.749	11.7886	8.1917	11.377	14.387	1299.6	10.8	796.36298	4103	216000	1501.276	1003729	0	0	0	100	2293.742	2251.216	0.339	0.339	3.441	 
13	1939351	2.632	9.473	11.8434	8.1823	11.696	15.904	1296.43	8.4	796.36298	4103	216000	1501.276	1003729	0.379007504	43709.71267	165.7516513	100	2299.947	2259.399	0.339	0.339	3.424	 
14	1939351	2.842	10.247	11.8217	8.1583	12.217	17.426	1279.41	8.3	796.36298	4103	216000	1501.276	1003729	0.326922945	42936.49295	171.2126773	100	2318.455	2265.244	0.339	0.339	3.412	 
15	1939351	3.052	10.966	11.8227	8.1598	12.86	17.344	1288.17	7.9	796.36298	4103	216000	1501.276	1003729	0.268278465	43520.28057	185.1251014	100	2331.266	2269.694	0.339	0.339	3.412	 
16	1939351	3.248	11.684	11.7955	8.1873	12.842	16.318	1308.07	8.2	796.36298	4103	216000	1501.276	1003729	0.346256768	44084.69775	173.270401	100	2340.44	2272.263	0.339	0.339	3.412	 
17	1939351	3.458	12.458	11.7682	8.1748	12.829	16.888	1291.92	8.2	796.36298	4103	216000	1501.276	1003729	0.345108595	43303.3893	172.034708	100	2351.153	2274.688	0.339	0.339	3.411	 
18	1939351	3.668	13.176	11.7778	8.1697	13.702	17.555	1285.38	8.1	796.36298	4103	216000	1501.276	1003729	0.315998289	43365.00873	176.256288	100	2364.549	2276.777	0.339	0.339	3.412	 
19	1939351	3.864	13.894	11.7485	8.1648	14.502	16.051	1283.77	8.3	796.36298	4103	216000	1501.276	1003729	0.462271953	44015.00166	161.3392778	100	2374.19	2279.286	0.339	0.339	3.417	 
20	1939351	4.074	14.669	11.7629	8.1658	15.509	14.813	1280.6	8.2	796.36298	4103	216000	1501.276	1003729	0.415561211	44782.83885	163.5431701	100	2391.234	2288.647	0.339	0.339	3.418	 
21	1939351	4.27	15.389	11.7773	8.1748	15.281	14.387	1295.11	8.4	796.36298	4103	216000	1501.276	1003729	0	0	0	100	2407.692	2295.679	0.339	0.339	3.419	 
22	1939351	4.48	16.109	11.7768	8.1756	14.416	14.142	1296.45	8.5	796.36298	4103	216000	1501.276	1003729	0	0	0	100	2416.255	2300.083	0.339	0.339	3.415	 
23	1939351	4.704	16.882	11.7691	8.1574	13.919	13.88	1286.92	8.5	796.36298	4103	216000	1501.276	1003729	0	0	0	100	2416.398	2301.446	0.339	0.339	3.41	 
24	1939351	4.9	17.6	11.7648	8.1638	13.835	13.45	1296.36	8.7	796.36298	4103	216000	1501.276	1003729	0	0	0	100	2400.335	2297.69	0.339	0.339	3.407	 
25	1939351	5.11	18.372	11.7462	8.1608	13.191	13.679	1294.1	8.8	796.36298	4103	216000	1501.276	1003729	0	0	0	100	2384.24	2288.359	0.339	0.339	3.403	 
26	1939351	5.32	19.088	11.7499	8.161	12.892	14.29	1290.32	8.6	796.36298	4103	216000	1501.276	1003729	0	0	0	100	2354.063	2282.826	0.339	0.339	3.4	 
27	1939351	5.53	19.804	11.7532	8.1543	13.484	14.61	1285.05	8.7	796.36298	4103	216000	1501.276	1003729	0	0	0	100	2335.063	2280.384	0.339	0.339	3.398	 
28	1939351	5.74	20.519	11.7564	8.1329	13.982	14.778	1276.5	8.7	796.36298	4103	216000	1501.276	1003729	0	0	0	100	2327.102	2275.197	0.339	1.15	3.394	 
29	1939351	5.936	21.288	11.777	8.119	14.576	15.143	1272.66	8.5	796.36298	4103	216000	1501.276	1003729	0	0	0	100	2335.183	2273.676	0.339	0.755	3.395	 
30	1939351	6.146	22.003	11.7595	8.1097	14.778	15.506	1271.23	8.6	796.36298	4103	216000	1501.276	1003729	0	0	0	100	2333.554	2271.999	0.339	1.83	3.394	 
31	1939351	6.356	22.718	11.7517	8.1008	14.367	14.745	1266.04	8.5	796.36298	4103	216000	1501.276	1003729	0	0	0	100	2325.391	2268.041	0.908	3.064	3.395	 
32	1939351	6.566	23.487	11.7535	8.107	13.836	15.047	1272.09	8.6	796.36298	4103	216000	1501.276	1003729	0	0	0	100	2319.368	2261.45	0.609	3.707	3.395	 
33	1939351	6.762	24.202	11.7568	8.1196	13.568	15.464	1277.98	8.6	796.36298	4103	216000	1501.276	1003729	0	0	0	100	2327.419	2264.156	1.741	2.91	3.392	 
34	1939351	6.972	24.916	11.7499	8.1344	13.665	15.697	1285.97	8.7	796.36298	4103	216000	1501.276	1003729	0	0	0	100	2355.823	2269.363	2.505	4.016	3.392	 
35	1939351	7.182	25.685	11.759	8.1428	13.384	15.545	1289.56	8.7	796.36298	4103	216000	1501.276	1003729	0	0	0	100	2373.535	2277.151	2.374	4.977	3.392	 
36	1939351	7.392	26.399	11.7787	8.1325	13.65	16.239	1285.27	8.7	796.36298	4103	216000	1501.276	1003729	0	0	0	100	2389.193	2280.019	3.342	5.651	3.392	 
37	1939351	7.588	27.113	11.7777	8.1348	13.674	16.782	1291.43	8.7	796.36298	4103	216000	1501.276	1003729	0	0	0	100	2402.474	2283.849	4.558	6.122	3.396	 
38	1939351	7.798	27.884	11.771	8.1433	13.889	16.521	1293.7	8.8	796.36298	4103	216000	1501.276	1003729	0	0	0	100	2403.286	2291.61	5.278	6.229	3.399	 
39	1939351	8.008	28.6	11.7814	8.1523	14.391	16.706	1303.03	8.7	796.36298	4103	216000	1501.276	1003729	0	0	0	100	2398.753	2297.311	5.545	6.782	3.402	 
40	1939351	8.204	29.317	11.7798	8.1525	14.605	16.86	1300.94	8.7	796.36298	4103	216000	1501.276	1003729	0	0	0	100	2386.976	2292.163	5.993	7.211	3.407	 
41	1939351	8.428	30.089	11.7951	8.1398	14.302	16.546	1293.65	8.7	796.36298	4103	216000	1501.276	1003729	0	0	0	100	2364.327	2281.86	6.5	7.547	3.412	 
42	1939351	8.624	30.808	11.7807	8.1462	14.09	16.301	1301.3	8.8	796.36298	4103	216000	1501.276	1003729	0	0	0	100	2334.394	2273.877	6.849	7.8	3.415	 
43	1939351	8.834	31.527	11.7691	8.1442	14.471	16.81	1296.02	8.6	796.36298	4103	216000	1501.276	1003729	0	0	0	100	2313.356	2265.604	6.905	8.087	3.42	 
44	1939351	9.044	32.303	11.7819	8.1452	14.806	16.799	1296.27	8.6	796.36298	4103	216000	1501.276	1003729	0	0	0	100	2307.246	2255.891	7.179	8.131	3.426	 
45	1939351	9.24	33.025	11.7874	8.1516	14.742	16.299	1301.44	8.6	796.36298	4103	216000	1501.276	1003729	0	0	0	100	2297.986	2252.484	7.319	7.975	3.429	 
46	1939351	9.45	33.747	11.7696	8.1391	14.184	16.028	1293.31	8.7	796.36298	4103	216000	1501.276	1003729	0	0	0	100	2315.849	2258.072	7.56	7.982	3.435	 
47	1939351	9.66	34.471	11.7714	8.1501	14.16	16.25	1297.66	8.7	796.36298	4103	216000	1501.276	1003729	0	0	0	100	2346.533	2265.426	7.699	8.197	3.438	 
48	1939351	9.87	35.251	11.7843	8.1481	13.756	15.96	1296.84	8.7	796.36298	4103	216000	1501.276	1003729	0	0	0	100	2367.445	2276.15	8.057	8.315	3.444	 
49	1939351	10.08	35.976	11.7707	8.1554	14.368	16.416	1303.44	8.8	796.36298	4103	216000	1501.276	1003729	0	0	0	100	2386.717	2285.578	8.523	8.481	3.446	 
50	1939351	10.276	36.702	11.768	8.1556	14.278	16.406	1301.72	8.7	796.36298	4103	216000	1501.276	1003729	0	0	0	100	2394.904	2288.155	8.697	8.935	3.45	 
51	1939351	10.486	37.485	11.7664	8.1496	14.281	16.497	1295.71	8.8	796.36298	4103	216000	1501.276	1003729	0	0	0	100	2391.868	2288.603	8.937	9.358	3.454	 
52	1939351	10.696	38.212	11.7674	8.141	14.023	16.614	1289.22	8.7	796.36298	4103	216000	1501.276	1003729	0	0	0	100	2384.101	2281.539	8.881	9.445	3.457	 
53	1939351	10.906	38.996	11.7649	8.1325	13.797	16.078	1287.68	8.6	796.36298	4103	216000	1501.276	1003729	0	0	0	100	2364.223	2275.896	8.857	9.608	3.462	 
54	1939351	11.116	39.725	11.7592	8.135	14.11	15.418	1287.15	8.7	796.36298	4103	216000	1501.276	1003729	0	0	0	100	2341.322	2272.129	8.799	9.886	3.465	 
55	1939351	11.312	40.456	11.765	8.1234	13.961	15.242	1281.36	8.7	796.36298	4103	216000	1501.276	1003729	0	0	0	100	2325.145	2264.687	8.952	10.037	3.47	 
56	1939351	11.536	41.243	11.7736	8.1244	13.656	15.716	1286.66	8.8	796.36298	4103	216000	1501.276	1003729	0	0	0	100	2315.235	2262.832	9.163	10.562	3.473	 
57	1939351	11.732	41.974	11.7818	8.125	13.399	15.433	1286.89	8.7	796.36298	4103	216000	1501.276	1003729	0	0	0	100	2319.905	2262.605	9.443	10.863	3.477	 
58	1939351	11.942	42.706	11.7713	8.1418	14.006	15.222	1297.1	8.7	796.36298	4103	216000	1501.276	1003729	0	0	0	100	2320.477	2258.073	9.838	10.859	3.477	 
59	1939351	12.152	43.495	11.7632	8.1424	14.256	15.299	1293.38	8.7	796.36298	4103	216000	1501.276	1003729	0	0	0	100	2323.866	2252.241	10.22	10.872	3.481	 
60	1939351	12.348	44.171	11.7921	8.1487	14.37	15.528	1297.9	8.7	796.36298	4103	216000	1501.276	1003729	0	0	0	100	2339.396	2256.726	10.449	11.044	3.484	 
61	1939351	12.558	44.961	11.7795	8.1533	14.198	15.595	1304.12	8.7	796.36298	4103	216000	1501.276	1003729	0	0	0	100	2361.83	2269.508	10.759	11.3	3.487	 
62	1939351	12.768	45.752	11.7926	8.1477	14.4	15.711	1299.03	8.7	796.36298	4103	216000	1501.276	1003729	0	0	0	100	2380.853	2279.883	10.879	11.696	3.488	 
63	1939351	12.964	46.487	11.7862	8.149	14.74	15.609	1303.58	8.8	796.36298	4103	216000	1501.276	1003729	0	0	0	100	2388.677	2287.662	11.131	11.951	3.494	 
64	1939351	13.174	47.224	11.7978	8.1512	15.198	15.338	1302.68	8.6	796.36298	4103	216000	1501.276	1003729	0	0	0	100	2397.574	2290.92	11.051	12.305	3.498	 
65	1939351	13.384	48.017	11.7821	8.1561	15.062	15.229	1313.6	8.7	796.36298	4103	216000	1501.276	1003729	0	0	0	100	2404.631	2287.002	11.3	12.294	3.504	 
66	1939351	13.594	48.698	11.781	8.1658	14.834	15.447	1318.46	8.6	796.36298	4103	216000	1501.276	1003729	0	0	0	100	2394.354	2281.466	11.511	12.242	3.506	 
67	1939351	13.804	49.494	11.7791	8.1623	14.613	15.405	1316.56	8.7	796.36298	4103	216000	1501.276	1003729	0	0	0	100	2377.006	2278.844	12.018	12.759	3.507	 
68	1939351	14	50.232	11.7719	8.1621	14.981	15.431	1317.6	8.7	796.36298	4103	216000	1501.276	1003729	0	0	0	100	2350.813	2273.031	12.278	13.144	3.51	 
69	1939351	14.21	50.971	11.7809	8.1594	15.525	15.398	1317.7	8.7	796.36298	4103	216000	1501.276	1003729	0	0	0	100	2329.967	2264.591	12.276	13.397	3.513	 
70	1939351	14.406	51.711	11.7786	8.163	15.424	15.726	1320.01	8.7	796.36298	4103	216000	1501.276	1003729	0	0	0	100	2317.082	2256.083	12.237	13.578	3.517	 
71	1939351	14.63	52.509	11.7733	8.1612	14.893	15.712	1318.54	8.7	796.36298	4103	216000	1501.276	1003729	0	0	0	100	2302.355	2251.633	12.502	13.502	3.521	 
72	1939351	14.826	53.25	11.7705	8.161	13.794	15.121	1320.26	8.6	796.36298	4103	216000	1501.276	1003729	0	0	0	100	2304.34	2248.785	12.929	13.383	3.522	 
73	1939351	15.036	54.049	11.753	8.1701	13.579	14.715	1330.14	8.7	796.36298	4103	216000	1501.276	1003729	0	0	0	100	2311.107	2253.854	13.313	13.568	3.52	 
74	1939351	15.246	54.79	11.7635	8.1703	13.609	15.193	1327.09	8.7	796.36298	4103	216000	1501.276	1003729	0	0	0	100	2333.243	2264.703	13.432	13.954	3.52	 
75	1939351	15.456	55.531	11.7821	8.179	13.629	15.867	1341.65	8.8	796.36298	4103	216000	1501.276	1003729	0	0	0	100	2364.702	2273.907	13.209	14.006	3.523	 
76	1939351	15.652	56.273	11.7932	8.1956	13.131	15.869	1363.48	8.8	796.36298	4103	216000	1501.276	1003729	0	0	0	100	2384.761	2278.267	13.143	14.149	3.522	 
77	1939351	15.862	57.072	11.7899	8.2014	13.13	16.089	1367.67	8.8	796.36298	4103	216000	1501.276	1003729	0	0	0	100	2395.742	2277.955	13.395	14.355	3.525	 
78	1939351	16.058	57.814	11.7972	8.2044	13.378	16.273	1374.53	8.8	796.36298	4103	216000	1501.276	1003729	0	0	0	100	2396.922	2273.254	13.696	14.76	3.524	 
79	1939351	16.268	58.556	11.7822	8.2075	13.501	16.484	1379.08	8.8	796.36298	4103	216000	1501.276	1003729	0	0	0	100	2384.378	2271.514	13.785	14.788	3.528	 
80	1939351	16.478	59.356	11.787	8.2143	13.643	16.667	1387.31	8.7	796.36298	4103	216000	1501.276	1003729	0	0	0	100	2356.624	2266.289	14.015	14.578	3.529	 
81	1939351	16.688	60.099	11.7949	8.2226	14.173	16.428	1399.25	8.6	796.36298	4103	216000	1501.276	1003729	0	0	0	100	2333.858	2260.93	14.256	14.638	3.53	 
82	1939351	16.898	60.842	11.8	8.2102	14.443	16.248	1391.33	8.7	796.36298	4103	216000	1501.276	1003729	0	0	0	100	2317.217	2251.636	14.24	14.822	3.533	 
83	1939351	17.094	61.644	11.7967	8.2012	14.739	16.523	1383.27	8.6	796.36298	4103	216000	1501.276	1003729	0	0	0	100	2302.538	2248.595	13.87	15.063	3.537	 
84	1939351	17.304	62.389	11.7978	8.1943	15.881	16.614	1383.18	8.5	796.36298	4103	216000	1501.276	1003729	0	0	0	100	2304.793	2256.474	14.456	15.249	3.543	 
85	1939351	17.5	63.136	11.795	8.1994	15.83	16.592	1387.82	8.5	796.36298	4103	216000	1501.276	1003729	0	0	0	100	2320.801	2262.72	14.792	15.285	3.549	 
86	1939351	17.71	63.883	11.7717	8.1994	15.073	16.781	1389.21	8.7	796.36298	4103	216000	1501.276	1003729	0	0	0	100	2335.889	2266.975	14.849	15.273	3.554	 
87	1939351	17.92	64.689	11.771	8.1961	13.531	16.654	1385.12	8.7	796.36298	4103	216000	1501.276	1003729	0	0	0	100	2369.28	2275.32	15.041	15.077	3.559	 
88	1939351	18.13	65.439	11.7746	8.194	12.856	16.515	1385.38	8.6	796.36298	4103	216000	1501.276	1003729	0	0	0	100	2383.637	2287.503	14.863	15.076	3.563	 
89	1939351	18.34	66.247	11.7786	8.1839	12.066	16.533	1379.21	8.7	796.36298	4103	216000	1501.276	1003729	0	0	0	100	2395.972	2293.32	15.073	15.644	3.569	 
90	1939351	18.536	66.999	11.7586	8.1865	12.83	17.391	1380.25	8.7	796.36298	4103	216000	1501.276	1003729	0	0	0	100	2390.546	2285.928	15.58	16.467	3.573	 
91	1939351	18.746	67.752	11.73	8.173	14.259	17.102	1366.89	8.4	796.36298	4103	216000	1501.276	1003729	0	0	0	100	2357.395	2272.611	16.144	16.748	3.58	 
92	1939351	18.956	68.506	11.7253	8.1554	15.386	16.881	1348.48	8.6	796.36298	4103	216000	1501.276	1003729	0	0	0	100	2326.95	2261.996	16.484	16.673	3.588	 
93	1939351	19.166	69.32	11.6931	8.1392	15.435	16.92	1343.05	8.4	796.36298	4103	216000	1501.276	1003729	0	0	0	100	2310.699	2258.812	16.439	16.998	3.595	 
94	1939351	19.376	70.078	11.6955	8.1204	15.404	16.665	1329.04	8.4	796.36298	4103	216000	1501.276	1003729	0	0	0	100	2297.008	2255.819	16.473	17.009	3.604	 
95	1939351	19.572	70.837	11.6706	8.0969	15.079	15.883	1321.33	8.3	796.36298	4103	216000	1501.276	1003729	0.441138102	45403.33843	166.3544447	100	2298.049	2253.732	16.542	17.217	3.609	 
96	1939351	19.782	71.598	11.6864	8.084	14.289	15.085	1303.27	8.3	796.36298	4103	216000	1501.276	1003729	0.400195579	44900.90538	165.9300362	100	2308.168	2252.706	17.014	17.149	3.616	 
97	1939351	19.992	72.418	11.6714	8.0767	13.984	15.283	1301.31	8.3	796.36298	4103	216000	1501.276	1003729	0.394659483	44594.61069	166.2800483	100	2333.39	2258.513	17.421	17.235	3.62	 
98	1939351	20.202	73.181	11.6725	8.0889	13.198	15.268	1310.46	8.3	796.36298	4103	216000	1501.276	1003729	0.394126728	44477.78866	167.4561907	100	2362.794	2264.62	17.312	17.596	3.627	 
99	1939351	20.398	73.945	11.6881	8.0917	12.242	14.935	1315.63	8.4	796.36298	4103	216000	1501.276	1003729	0.440253037	44439.17575	163.8029317	100	2388.035	2267.994	17.127	17.881	3.633	 
100	1939351	20.608	74.71	11.678	8.1019	11.757	15.159	1325.38	8.5	796.36298	4103	216000	1501.276	1003729	0	0	0	100	2398.184	2276.421	17.176	18.059	3.64	 
101	1939351	20.818	75.477	11.6859	8.0823	12.511	16.31	1307.91	8.5	796.36298	4103	216000	1501.276	1003729	0	0	0	100	2399.964	2279.997	17.013	18.494	3.647	 
102	1939351	21.014	76.246	11.6921	8.0938	14.693	17.358	1320.88	8.3	796.36298	4103	216000	1501.276	1003729	0.376038439	44922.68566	171.3331632	100	2390.301	2276.77	17.336	18.062	3.657	 
103	1939351	21.224	77.017	11.709	8.1011	15.568	16.487	1329.25	8.3	796.36298	4103	216000	1501.276	1003729	0.399598411	45897.04303	169.7908089	100	2366.766	2268.41	17.698	17.822	3.669	 
104	1939351	21.434	77.849	11.7039	8.0966	15.42	16.433	1326.91	8.4	796.36298	4103	216000	1501.276	1003729	0.494371249	45816.51858	163.7838588	100	2332.329	2258.008	17.468	18.063	3.679	 
105	1939351	21.644	78.625	11.7023	8.0815	14.606	15.991	1312.93	8.2	796.36298	4103	216000	1501.276	1003729	0.340166252	45160.11117	173.9899123	100	2310.875	2248.636	17.498	18.494	3.687	 
106	1939351	21.84	79.402	11.6948	8.071	14.738	15.963	1301.45	8.2	796.36298	4103	216000	1501.276	1003729	0.339064736	44880.92771	172.7063236	100	2305.147	2244.787	17.742	18.413	3.696	 
107	1939351	22.05	80.181	11.7099	8.0766	14.985	15.386	1310.28	8.2	796.36298	4103	216000	1501.276	1003729	0.343816682	45499.56956	172.7248564	100	2295.699	2247.244	18.282	18.403	3.71	 
108	1939351	22.26	81.023	11.6795	8.0777	14.338	15.453	1306.17	8.1	796.36298	4103	216000	1501.276	1003729	0.324063545	44855.50867	176.092209	100	2295.234	2255.882	18.486	18.281	3.718	 
109	1939351	22.47	81.807	11.6938	8.0748	14.332	16.107	1300.74	8.2	796.36298	4103	216000	1501.276	1003729	0.336210759	44610.55997	173.1034558	100	2312.715	2263.2	18.623	18.491	3.727	 
110	1939351	22.666	82.593	11.7046	8.0743	13.574	15.887	1299.66	8.2	796.36298	4103	216000	1501.276	1003729	0.326079185	44387.39083	173.91469	100	2345.989	2265.883	18.723	18.985	3.739	 
111	1939351	22.876	83.382	11.6997	8.0766	12.589	16.316	1297.25	8.3	796.36298	4103	216000	1501.276	1003729	0.34206707	43724.86318	170.9675288	100	2367.517	2270.914	19.318	19.593	3.751	 
112	1939351	23.086	84.172	11.7008	8.0859	12.212	17.332	1304.55	8.2	796.36298	4103	216000	1501.276	1003729	0.309756942	43434.80294	177.8691183	100	2379.524	2277.071	19.629	19.706	3.76	 
113	1939351	23.296	85.026	11.6989	8.0833	11.75	16.796	1302.46	8.3	796.36298	4103	216000	1501.276	1003729	0.33204284	43337.95505	173.1741338	100	2387.966	2280.302	19.558	19.769	3.772	 
114	1939351	23.492	85.76	11.7089	8.0746	12.614	16.528	1296.14	8.3	796.36298	4103	216000	1501.276	1003729	0.334333347	43709.42687	171.7784479	100	2386.432	2281.348	19.781	20.092	3.782	 
115	1939351	23.702	86.619	11.6891	8.0633	15.045	17.534	1279.37	8.1	796.36298	4103	216000	1501.276	1003729	0.306738702	43862.81787	176.4059708	100	2374.52	2272.467	20.321	20.587	3.798	 
116	1939351	23.912	87.421	11.6866	8.048	16.233	17.884	1258.48	8	796.36298	4103	216000	1501.276	1003729	0.292743308	43690.76414	177.0904178	100	2352.11	2260.532	20.461	20.591	3.818	 
117	1939351	24.108	88.226	11.6768	8.0404	15.855	16.215	1252.12	8	796.36298	4103	216000	1501.276	1003729	0.299533499	43792.78215	174.1165112	100	2325.02	2259.065	20.663	21.148	3.835	 
118	1939351	24.318	89.097	11.6634	8.0342	15.706	15.649	1237.48	7.9	796.36298	4103	216000	1501.276	1003729	0.288207325	43380.74276	174.692896	100	2302.537	2253.82	20.736	21.55	3.847	 
119	1939351	24.528	89.908	11.6631	8.0235	15.165	15.693	1223.69	7.9	796.36298	4103	216000	1501.276	1003729	0.282142743	42766.92283	173.7518048	100	2294.547	2244.042	20.817	21.447	3.861	 
120	1939351	24.738	90.721	11.6718	8.0223	13.765	14.741	1220.3	8	796.36298	4103	216000	1501.276	1003729	0.289745419	42396.84648	170.3269391	100	2297.187	2236.45	20.876	21.561	3.87	 
121	1939351	24.948	91.537	11.6884	8.0349	13.364	14.255	1233.6	8	796.36298	4103	216000	1501.276	1003729	0.289766288	42815.86804	171.5833936	100	2311.92	2244.904	20.906	20.925	3.876	 
122	1939351	25.144	92.416	11.689	8.0532	12.474	15.051	1246.22	8	796.36298	4103	216000	1501.276	1003729	0.284825432	42497.48504	174.6730641	100	2339.934	2254.579	20.641	21.032	3.883	 
123	1939351	25.354	93.234	11.6927	8.0524	11.842	16.182	1246.13	8	796.36298	4103	216000	1501.276	1003729	0.274514921	41931.35217	177.0109661	100	2355.943	2258.805	20.805	21.159	3.886	 
124	1939351	25.564	94.053	11.6938	8.0588	12.728	16.558	1247.77	8	796.36298	4103	216000	1501.276	1003729	0.279457786	42217.48391	176.8145121	100	2367.412	2269.247	20.883	21.243	3.893	 
125	1939351	25.774	94.936	11.7041	8.0575	14.514	16.785	1247.03	7.9	796.36298	4103	216000	1501.276	1003729	0.274424919	42970.40393	178.6173058	100	2385.492	2274.184	20.838	21.414	3.904	 
126	1939351	25.984	95.759	11.6964	8.0592	15.952	16.896	1248.54	8	796.36298	4103	216000	1501.276	1003729	0.298396769	43533.2335	174.3628041	100	2393.286	2272.967	21.36	21.686	3.914	 
127	1939351	26.194	96.584	11.7024	8.0482	16.911	16.491	1237.41	7.9	796.36298	4103	216000	1501.276	1003729	0.28801368	43813.31366	175.0867166	100	2394.41	2273.884	21.63	22.012	3.925	 
128	1939351	26.404	97.475	11.6983	8.0443	16.584	15.801	1229.74	7.8	796.36298	4103	216000	1501.276	1003729	0.276918814	43634.34027	176.3311782	100	2389.436	2270.088	22.312	22.481	3.935	 
129	1939351	26.6	98.304	11.6938	8.0429	14.903	15.209	1230.14	7.9	796.36298	4103	216000	1501.276	1003729	0.282499528	43074.69722	174.0500943	100	2369.036	2266.038	22.613	22.858	3.942	 
130	1939351	26.81	99.135	11.6831	8.0485	13.688	15.38	1231.36	7.7	796.36298	4103	216000	1501.276	1003729	0.255946741	42459.57932	180.6791097	100	2337.656	2256.478	22.613	23.236	3.947	 
131	1939351	27.02	100.03	11.6835	8.0522	12.801	14.838	1235.16	7.8	796.36298	4103	216000	1501.276	1003729	0.264946936	42333.12642	178.3349816	100	2314.244	2244.583	23.148	23.341	3.952	 
132	1939351	27.216	100.863	11.6863	8.0485	12.09	15.313	1227.06	7.7	796.36298	4103	216000	1501.276	1003729	0.249635864	41683.23162	180.8036125	100	2296.231	2238.342	23.448	23.704	3.955	 
133	1939351	27.426	101.696	11.7144	8.0467	12.649	15.917	1225.01	7.7	796.36298	4103	216000	1501.276	1003729	0.246549524	41870.20446	181.0103182	100	2294.677	2238.842	23.361	23.508	3.962	 
134	1939351	27.65	102.595	11.7301	8.0541	13.115	16.216	1232.31	7.8	796.36298	4103	216000	1501.276	1003729	0.255342253	42264.49826	179.858795	100	2305.656	2246.224	23.348	23.681	3.97	 
135	1939351	27.846	103.431	11.7517	8.0542	12.903	16.548	1233.63	7.9	796.36298	4103	216000	1501.276	1003729	0.259518925	42250.78948	178.3678089	100	2321.529	2251.465	23.243	23.882	3.974	 
136	1939351	28.056	104.269	11.7485	8.0594	14.019	17.721	1236.89	7.8	796.36298	4103	216000	1501.276	1003729	0.252804324	42447.7117	181.7682532	100	2351.168	2260.08	23.451	23.918	3.982	 
137	1939351	28.266	105.172	11.7595	8.0623	14.576	17.068	1241.18	7.8	796.36298	4103	216000	1501.276	1003729	0.256721493	43062.72073	181.1903586	100	2367.494	2267.048	23.086	23.985	3.992	 
138	1939351	28.462	106.013	11.736	8.0752	15.226	16.726	1253.74	7.8	796.36298	4103	216000	1501.276	1003729	0.266611441	43605.66086	181.5532066	100	2373.686	2272.534	23.165	23.954	3.997	 
139	1939351	28.672	106.92	11.7331	8.0915	15.954	16.779	1260.17	7.6	796.36298	4103	216000	1501.276	1003729	0.254353904	43995.00743	186.6536323	100	2379.319	2276.39	23.518	23.887	3.999	 
140	1939351	28.896	107.763	11.7008	8.0952	15.871	16.469	1252.96	7.7	796.36298	4103	216000	1501.276	1003729	0.270175639	43578.55722	182.5358779	100	2381.836	2275.058	23.814	23.915	4.007	 
141	1939351	29.092	108.607	11.6836	8.0777	15.195	16.68	1241.27	7.7	796.36298	4103	216000	1501.276	1003729	0.264857934	42859.69509	181.9449941	100	2373.505	2267.912	24.278	24.385	4.014	 
142	1939351	29.302	109.518	11.6665	8.0592	15.274	17.086	1222.98	7.7	796.36298	4103	216000	1501.276	1003729	0.262601553	42205.57383	180.167164	100	2345.875	2258.876	24.965	24.614	4.022	 
143	1939351	29.512	110.366	11.6629	8.0477	14.368	16.543	1208.41	7.7	796.36298	4103	216000	1501.276	1003729	0.258221594	41564.073	178.4375512	100	2320.75	2247.541	25.281	25.009	4.035	 
144	1939351	29.722	111.216	11.6561	8.0335	12.992	15.978	1192.34	7.5	796.36298	4103	216000	1501.276	1003729	0.237196921	41367.35195	180.427049	100	2302.807	2240.41	25.548	25.449	4.045	 
145	1939351	29.932	112.134	11.6877	8.0321	12.359	15.515	1189.77	7.6	796.36298	4103	216000	1501.276	1003729	0.240134908	41342.89839	177.9720569	100	2290.325	2238.301	25.869	25.507	4.053	 
146	1939351	30.128	112.988	11.6872	8.0328	11.346	15.535	1193.38	7.5	796.36298	4103	216000	1501.276	1003729	0.22914169	41021.94982	180.8154388	100	2288.351	2234.723	26.291	25.722	4.059	 
147	1939351	30.338	113.909	11.7121	8.0341	10.669	15.796	1191.46	7.5	796.36298	4103	216000	1501.276	1003729	0.224012506	40745.92963	181.1050726	100	2294.613	2236.959	26.104	26.035	4.063	 
148	1939351	30.548	114.765	11.7184	8.0345	11.998	16.356	1193.68	7.5	796.36298	4103	216000	1501.276	1003729	0.226759005	41259.43915	181.3882419	100	2323.961	2249.458	25.969	26.037	4.069	 
149	1939351	30.758	115.688	11.7135	8.0421	14.368	16.608	1196.48	7.4	796.36298	4103	216000	1501.276	1003729	0.229624386	42223.29082	182.7581444	100	2345.547	2257.993	25.949	26.095	4.073	 
150	1939351	30.954	116.546	11.7108	8.0381	16.058	16.433	1192.28	7.5	796.36298	4103	216000	1501.276	1003729	0.243286374	42856.08078	179.4197293	100	2362.592	2266.523	26.01	26.458	4.081	 
151	1939351	31.164	117.405	11.7138	8.0413	17.332	16.308	1190.85	7.4	796.36298	4103	216000	1501.276	1003729	0.241618532	43395.69699	180.3462311	100	2379.879	2276.466	25.599	26.484	4.085	 
152	1939351	31.374	118.332	11.688	8.0422	17.354	15.91	1193.04	7.3	796.36298	4103	216000	1501.276	1003729	0.23813367	43430.07766	182.1208489	100	2386.202	2277.429	25.72	26.219	4.093	 
153	1939351	31.584	119.194	11.6777	8.0481	16.271	15.317	1195.92	7.4	796.36298	4103	216000	1501.276	1003729	0.244647095	42428.71236	180.5315306	100	2380.899	2273.794	25.815	26.412	4.098	 
154	1939351	31.794	120.057	11.646	8.0549	14.585	15.082	1199.51	7.4	796.36298	4103	216000	1501.276	1003729	0.242895996	42346.6253	181.5297951	100	2367.434	2265.429	26.119	26.292	4.099	 
155	1939351	31.99	120.987	11.6513	8.0488	13.334	14.851	1192.27	7.4	796.36298	4103	216000	1501.276	1003729	0.237446932	41716.97477	180.8479482	100	2337.976	2252.673	26.581	26.411	4.103	 
156	1939351	32.2	121.851	11.6534	8.0469	13.559	15.381	1190.04	7.5	796.36298	4103	216000	1501.276	1003729	0.243628625	40934.52418	179.1645858	100	2312.19	2247.116	26.944	26.615	4.106	 
157	1939351	32.41	122.716	11.6614	8.0444	13.822	16.517	1187.49	7.5	796.36298	4103	216000	1501.276	1003729	0.240106694	41376.14798	179.9079525	100	2291.517	2238.777	26.853	26.855	4.113	 
158	1939351	32.62	123.65	11.7025	8.0497	13.4	16.636	1194.34	7.4	796.36298	4103	216000	1501.276	1003729	0.227936365	41616.45631	182.9539936	100	2287.676	2232.285	26.789	26.901	4.123	 
159	1939351	32.816	124.518	11.7307	8.0537	12.26	15.825	1202.19	7.3	796.36298	4103	216000	1501.276	1003729	0.217829918	41784.91961	185.4446157	100	2291.841	2238.066	27.137	26.558	4.129	 
160	1939351	33.026	125.388	11.7463	8.0678	11.518	16.304	1215.79	7.6	796.36298	4103	216000	1501.276	1003729	0.233845331	41745.94473	182.5047523	100	2312.829	2246.909	27.092	26.765	4.134	 
161	1939351	33.222	126.259	11.7598	8.0865	11.643	16.442	1227.93	7.5	796.36298	4103	216000	1501.276	1003729	0.228274851	42130.12629	186.0399557	100	2341.291	2253.778	27.029	26.827	4.133	 
162	1939351	33.446	127.129	11.7501	8.1077	12.652	16.415	1234.89	7.7	796.36298	4103	216000	1501.276	1003729	0.251423418	41886.02525	182.4158389	100	2358.083	2259.703	26.851	26.986	4.139	 
163	1939351	33.642	128.069	11.7413	8.1076	12.708	16.581	1231.72	7.5	796.36298	4103	216000	1501.276	1003729	0.236608543	42417.99064	186.1351295	100	2359.431	2262.222	26.761	27.185	4.146	 
164	1939351	33.852	128.942	11.7139	8.091	13.242	17.309	1217.9	7.4	796.36298	4103	216000	1501.276	1003729	0.229743989	41930.43155	186.8501806	100	2360.411	2259.211	26.274	27.27	4.15	 
165	1939351	34.048	129.816	11.6734	8.063	14.445	17.512	1199.59	7.4	796.36298	4103	216000	1501.276	1003729	0.23374177	41716.33202	184.1580062	100	2360.921	2260.31	25.896	26.987	4.161	 
166	1939351	34.258	130.761	11.6531	8.033	15.678	17.561	1173.67	7.3	796.36298	4103	216000	1501.276	1003729	0.229461421	41459.50342	182.0716905	100	2363.233	2260.341	26.134	26.485	4.173	 
167	1939351	34.468	131.64	11.6519	8.016	16.319	17.361	1157.55	7.3	796.36298	4103	216000	1501.276	1003729	0.230595954	41362.03864	179.3634131	100	2333.675	2251.503	26.453	26.573	4.185	 
168	1939351	34.664	132.523	11.6383	8.0077	15.725	17.064	1151.16	7.3	796.36298	4103	216000	1501.276	1003729	0.229460506	40950.87835	178.4501155	100	2317.679	2240.647	26.699	26.63	4.194	 
169	1939351	34.874	133.474	11.6398	8.0182	14.817	15.667	1156.27	7.3	796.36298	4103	216000	1501.276	1003729	0.231122093	41073.19436	178.0482213	100	2304.714	2237.125	27.191	26.306	4.202	 
170	1939351	35.084	134.359	11.6337	8.0178	13.829	15.151	1154.88	7.1	796.36298	4103	216000	1501.276	1003729	0.216632492	40752.52686	181.3734813	100	2287.434	2234.149	27.4	26.368	4.206	 
171	1939351	35.294	135.245	11.6657	8.0231	13.28	14.904	1155.78	7.2	796.36298	4103	216000	1501.276	1003729	0.219684597	40768.03343	179.5659269	100	2295.713	2236.32	26.939	27.033	4.209	 
172	1939351	35.504	136.2	11.6987	8.0342	13.265	15.571	1164.48	7.3	796.36298	4103	216000	1501.276	1003729	0.222729225	40976.39477	179.5960539	100	2319.935	2246.809	27.521	26.742	4.212	 
173	1939351	35.714	137.155	11.7167	8.0452	12.771	16.267	1173.8	7.4	796.36298	4103	216000	1501.276	1003729	0.22517491	40902.8026	180.0022657	100	2349.297	2261.361	27.179	26.582	4.216	 
174	1939351	35.91	138.043	11.7235	8.039	11.983	15.857	1170.8	7.3	796.36298	4103	216000	1501.276	1003729	0.216002427	40682.19101	181.2955519	100	2373.604	2267.544	26.723	26.913	4.218	 
175	1939351	36.12	138.931	11.7229	8.031	12.722	15.669	1164.67	7.2	796.36298	4103	216000	1501.276	1003729	0.212367951	40909.13018	181.6693675	100	2384.529	2270.506	26.499	27.213	4.222	 
176	1939351	36.33	139.889	11.6928	8.029	14.316	15.565	1162.63	7.2	796.36298	4103	216000	1501.276	1003729	0.220126413	41373.07131	180.6686298	100	2383.407	2272.516	26.423	27.444	4.229	 
177	1939351	36.526	140.78	11.6786	8.038	15.454	15.283	1167.7	7.2	796.36298	4103	216000	1501.276	1003729	0.226999226	41954.51729	180.6089283	100	2374.345	2264.832	25.914	27.649	4.236	 
178	1939351	36.736	141.673	11.6608	8.0335	16.153	14.978	1161.85	7.2	796.36298	4103	216000	1501.276	1003729	0.231504627	42067.54639	179.2140494	100	2351.364	2255.144	26.104	27.299	4.24	 
179	1939351	36.946	142.634	11.6629	8.0178	15.375	14.663	1150.19	7.2	796.36298	4103	216000	1501.276	1003729	0.227617076	41551.78223	177.5845383	100	2322.021	2246.475	26.198	26.95	4.245	 
180	1939351	37.156	143.528	11.637	8.0212	15.12	14.909	1148.75	7.1	796.36298	4103	216000	1501.276	1003729	0.222069467	41165.26212	179.6548217	100	2308.709	2245.313	26.416	26.595	4.246	 
181	1939351	37.366	144.423	11.6482	8.0239	14.987	14.75	1146.42	7	796.36298	4103	216000	1501.276	1003729	0.215468018	41148.04399	180.9362443	100	2295.693	2243.492	26.546	26.411	4.251	 
182	1939351	37.576	145.387	11.6579	8.0327	14.448	14.721	1152.82	7.2	796.36298	4103	216000	1501.276	1003729	0.226359026	41110.36065	178.4045834	100	2289.526	2244.972	26.852	26.389	4.252	 
183	1939351	37.772	146.213	11.6779	8.0262	13.963	14.902	1146.68	7.2	796.36298	4103	216000	1501.276	1003729	0.221772858	40817.14462	177.9221927	100	2301.886	2245.153	26.64	26.143	4.254	 
184	1939351	37.982	147.177	11.6753	8.0221	13.722	16.068	1142.25	7.3	796.36298	4103	216000	1501.276	1003729	0.223742831	40236.67871	176.9333215	100	2326.777	2247.426	26.683	26.113	4.254	 
185	1939351	38.192	148.074	11.6904	8.0254	13.493	17.107	1144.85	7.2	796.36298	4103	216000	1501.276	1003729	0.213206428	40021.10867	180.2537782	100	2348.49	2254.491	26.935	26.341	4.257	 
186	1939351	38.388	148.97	11.6792	8.0412	13.2	17.238	1156.24	7.2	796.36298	4103	216000	1501.276	1003729	0.214289718	40065.88104	182.1703731	100	2374.767	2265.93	26.401	26.11	4.263	 
187	1939351	38.598	149.937	11.7016	8.0552	13.227	16.844	1161.39	7.3	796.36298	4103	216000	1501.276	1003729	0.221524001	40390.56851	180.5382302	100	2383.414	2267.386	25.697	26.046	4.266	 
188	1939351	38.808	150.836	11.7131	8.0528	13.693	16.993	1163.13	7.3	796.36298	4103	216000	1501.276	1003729	0.22155161	40687.52956	180.698247	100	2392.053	2265.772	25.359	26.174	4.269	 
189	1939351	39.018	151.735	11.7098	8.0779	14.748	16.928	1172.74	7.2	796.36298	4103	216000	1501.276	1003729	0.222403765	41305.41715	183.2607958	100	2388.166	2263.615	25.554	25.815	4.273	 
190	1939351	39.214	152.635	11.6966	8.0915	15.447	16.692	1173.52	7.1	796.36298	4103	216000	1501.276	1003729	0.221812519	41542.23537	184.6683854	100	2371.045	2258.445	24.81	25.852	4.281	 
191	1939351	39.424	153.606	11.7047	8.0738	15.994	16.628	1164.46	7.1	796.36298	4103	216000	1501.276	1003729	0.221423175	41658.87534	183.0306782	100	2341.2	2253.522	24.131	25.724	4.288	 
192	1939351	39.634	154.44	11.6912	8.0639	16.154	16.928	1158.35	7.1	796.36298	4103	216000	1501.276	1003729	0.22115165	41419.83541	182.4829838	100	2319.732	2245.406	23.972	25.018	4.294	 
193	1939351	39.83	155.414	11.6974	8.0528	15.29	16.388	1155.28	7.2	796.36298	4103	216000	1501.276	1003729	0.224025743	41197.40403	180.0517576	100	2298.467	2238.841	23.808	23.852	4.302	 
194	1939351	40.04	156.321	11.707	8.0609	13.715	16.052	1155.86	7.1	796.36298	4103	216000	1501.276	1003729	0.213476566	40672.16251	182.2237111	100	2289.784	2236.631	23.586	23.305	4.309	 
195	1939351	40.25	157.229	11.7268	8.0609	11.944	15.975	1158.37	7.1	796.36298	4103	216000	1501.276	1003729	0.20632169	40148.3063	183.2041534	100	2284.227	2235.567	23.13	23.004	4.313	 
196	1939351	40.446	158.137	11.73	8.0635	10.948	15.986	1161.04	7.1	796.36298	4103	216000	1501.276	1003729	0.203033776	39814.83161	184.038995	100	2287.4	2237.583	23.063	22.656	4.316	 
197	1939351	40.656	159.116	11.7244	8.0762	11.702	16.785	1164.07	7.3	796.36298	4103	216000	1501.276	1003729	0.216938911	39859.61783	181.4693828	100	2313.892	2246.967	23.015	22.318	4.319	 
198	1939351	40.866	160.025	11.7108	8.0732	13.07	17.589	1161	7.3	796.36298	4103	216000	1501.276	1003729	0.22039484	40046.28063	181.3284041	100	2351.252	2256.081	22.169	21.846	4.322	 
199	1939351	41.076	160.936	11.7029	8.0705	14.571	18.012	1160.91	7.1	796.36298	4103	216000	1501.276	1003729	0.212605535	40560.73995	184.7215999	100	2388.133	2261.486	22.214	21.731	4.331	 
200	1939351	41.286	161.849	11.6995	8.079	15.394	17.373	1161.17	7.1	796.36298	4103	216000	1501.276	1003729	0.218344329	41023.34786	183.686067	100	2399.662	2267.431	22.084	21.631	4.341	 
201	1939351	41.496	162.763	11.6739	8.0802	16.612	16.504	1159.13	7.1	796.36298	4103	216000	1501.276	1003729	0.227231689	41550.94476	181.9920682	100	2387.576	2270.801	21.293	21.228	4.346	 
202	1939351	41.706	163.679	11.6775	8.0715	16.852	15.338	1156.88	7.1	796.36298	4103	216000	1501.276	1003729	0.230062048	41990.03836	180.3055776	100	2381.623	2271.213	20.802	21.03	4.35	 
203	1939351	41.916	164.665	11.6735	8.0784	15.687	14.787	1156.95	7.1	796.36298	4103	216000	1501.276	1003729	0.228574529	41588.77771	180.2294977	100	2374.571	2267.945	20.219	20.87	4.351	 
204	1939351	42.112	165.581	11.6667	8.0708	14.034	14.928	1154.73	7.1	796.36298	4103	216000	1501.276	1003729	0.221768339	40779.28082	180.8458922	100	2348.735	2258.143	20.135	20.791	4.351	 
205	1939351	42.322	166.497	11.6755	8.0667	13.043	15.04	1152.58	7.1	796.36298	4103	216000	1501.276	1003729	0.216822362	40338.95029	181.0852512	100	2325.068	2256.127	19.755	20.481	4.348	 
206	1939351	42.532	167.412	11.7011	8.0569	12.784	14.98	1149.68	7.2	796.36298	4103	216000	1501.276	1003729	0.21924119	40351.29103	178.834343	100	2315.2	2249.801	18.866	20.53	4.346	 
207	1939351	42.728	168.327	11.7296	8.0605	12.776	15.56	1155.39	7.2	796.36298	4103	216000	1501.276	1003729	0.215827985	40521.84529	180.1756778	100	2310.572	2245.043	18.502	20.501	4.347	 
208	1939351	42.938	169.242	11.7555	8.076	13.011	15.752	1163.65	7.2	796.36298	4103	216000	1501.276	1003729	0.215924074	40900.85072	181.3202447	100	2302.4	2243.205	18.343	20.047	4.345	 
209	1939351	43.148	170.227	11.755	8.0778	12.934	15.963	1165.44	7.2	796.36298	4103	216000	1501.276	1003729	0.215312721	40853.17871	181.8402745	100	2301.976	2241.876	18.128	19.429	4.346	 
210	1939351	43.344	171.143	11.7691	8.0834	13.462	15.783	1168.65	7.1	796.36298	4103	216000	1501.276	1003729	0.211317525	41302.52201	183.5575086	100	2320.057	2247.375	17.715	18.465	4.347	 
211	1939351	43.554	172.058	11.7711	8.0896	14.543	15.694	1171.09	7.3	796.36298	4103	216000	1501.276	1003729	0.228118082	41808.20055	179.7318621	100	2340.441	2256.087	17.491	17.572	4.35	 
212	1939351	43.764	173.044	11.7698	8.0973	14.66	15.665	1174.42	7.2	796.36298	4103	216000	1501.276	1003729	0.223195301	41935.5124	181.9121163	100	2373.161	2267.59	17.312	16.909	4.351	 
213	1939351	43.96	173.961	11.7581	8.1086	14.748	15.78	1175.47	7.2	796.36298	4103	216000	1501.276	1003729	0.225502163	41832.9172	182.1688368	100	2387.924	2270.005	17.083	16.654	4.352	 
214	1939351	44.17	174.807	11.752	8.1044	15.384	16.323	1173.68	7.2	796.36298	4103	216000	1501.276	1003729	0.226372538	41877.50974	182.2274419	100	2391.758	2270.978	17.068	16.54	4.355	 
215	1939351	44.38	175.794	11.7272	8.1113	15.784	16.448	1174.5	7.3	796.36298	4103	216000	1501.276	1003729	0.237405774	41832.69902	180.5229018	100	2399.384	2271.235	16.684	16.495	4.357	 
216	1939351	44.576	176.712	11.7275	8.1182	16.711	16.874	1177.07	7.2	796.36298	4103	216000	1501.276	1003729	0.233448132	42159.66019	182.78319	100	2397.524	2271.66	16.191	16.466	4.361	 
217	1939351	44.786	177.631	11.7513	8.133	16.907	16.739	1185.89	7.2	796.36298	4103	216000	1501.276	1003729	0.234288033	42626.57356	183.6834718	100	2371.54	2270.937	15.836	16.133	4.367	 
218	1939351	44.996	178.551	11.7698	8.1443	15.657	15.819	1197	7.1	796.36298	4103	216000	1501.276	1003729	0.225148904	42774.15248	186.60337	100	2344.353	2265.973	15.951	15.834	4.368	 
219	1939351	45.192	179.47	11.7584	8.1528	14.228	15.238	1207.6	7.2	796.36298	4103	216000	1501.276	1003729	0.23022903	42535.62115	186.2241798	100	2322.816	2254.649	15.786	15.933	4.37	 
220	1939351	45.402	180.461	11.7745	8.1549	13.292	15.063	1207.13	7.3	796.36298	4103	216000	1501.276	1003729	0.23311142	42246.57591	184.4373206	100	2302.629	2249.642	15.284	15.636	4.37	 
221	1939351	45.612	181.381	11.7763	8.1599	12.509	15.401	1215.51	7.4	796.36298	4103	216000	1501.276	1003729	0.23672358	42052.09762	184.3935479	100	2299.213	2252.152	15.043	15.235	4.371	 
222	1939351	45.822	182.301	11.7754	8.1611	11.92	16.019	1216.56	7.2	796.36298	4103	216000	1501.276	1003729	0.219382118	41668.68198	189.3425994	100	2300.821	2254.712	14.558	14.767	4.371	 
223	1939351	46.018	183.221	11.7818	8.1495	12.157	16.103	1206.13	7.4	796.36298	4103	216000	1501.276	1003729	0.231455002	41495.70086	184.0727306	100	2311.631	2252.868	13.826	14.342	4.37	 
224	1939351	46.228	184.213	11.7585	8.1304	13.066	16.535	1189.92	7.4	796.36298	4103	216000	1501.276	1003729	0.233319808	41210.21401	182.0058887	100	2353.557	2258.407	13.028	14.011	4.373	 
225	1939351	46.438	185.133	11.7424	8.1208	14.263	16.32	1183.49	7.4	796.36298	4103	216000	1501.276	1003729	0.238853658	41535.83683	180.39348	100	2370.751	2267.951	12.877	13.71	4.373	 
226	1939351	46.648	186.054	11.7195	8.127	14.934	16.001	1185.1	7.3	796.36298	4103	216000	1501.276	1003729	0.238182976	41795.24629	181.8686532	100	2378.96	2276.255	12.696	13.238	4.376	 
227	1939351	46.858	187.046	11.685	8.137	15.798	16.301	1188.75	7.3	796.36298	4103	216000	1501.276	1003729	0.245642971	41916.60042	182.3405519	100	2386.573	2278.703	12.61	13.324	4.374	 
228	1939351	47.054	187.967	11.6601	8.1317	16.916	16.164	1183.89	7.4	796.36298	4103	216000	1501.276	1003729	0.261284552	41469.41627	178.9243569	100	2390.774	2274.653	12.21	13.081	4.375	 
229	1939351	47.264	188.888	11.6754	8.1378	17.535	16.347	1186.38	7.4	796.36298	4103	216000	1501.276	1003729	0.263202324	41815.91535	178.9656537	100	2377.658	2270.725	11.618	12.77	4.375	 
230	1939351	47.474	189.88	11.6703	8.154	15.979	15.652	1204.57	7.4	796.36298	4103	216000	1501.276	1003729	0.261813989	41792.06911	181.3393364	100	2353.422	2266.561	11.337	12.634	4.377	 
231	1939351	47.684	190.802	11.6685	8.1562	13.252	15.174	1207.67	7.4	796.36298	4103	216000	1501.276	1003729	0.251641101	40838.31432	182.7964092	100	2325.692	2262.957	11.016	12.372	4.372	 
232	1939351	47.88	191.722	11.6835	8.1405	12.273	15.281	1193.95	7.5	796.36298	4103	216000	1501.276	1003729	0.251288847	40146.59824	179.5956637	100	2308.978	2254.947	10.852	11.793	4.369	 
233	1939351	48.104	192.713	11.7094	8.1179	12.27	14.747	1182.23	7.5	796.36298	4103	216000	1501.276	1003729	0.246201539	40229.45484	177.6192162	100	2302.968	2247.165	10.464	11.495	4.371	 
234	1939351	48.3	193.633	11.7103	8.1215	12.747	14.85	1185.35	7.3	796.36298	4103	216000	1501.276	1003729	0.233211599	41176.78155	181.6884869	100	2305.236	2247.674	10.101	10.91	4.368	 
235	1939351	48.51	194.552	11.7455	8.1145	13.055	15.103	1183.21	7.3	796.36298	4103	216000	1501.276	1003729	0.229533029	41428.77899	181.4631621	100	2330.247	2257.763	9.704	10.396	4.365	 
236	1939351	48.72	195.541	11.7786	8.0973	13.034	14.876	1182.15	7.4	796.36298	4103	216000	1501.276	1003729	0.231716812	41747.33771	179.1988881	100	2363.84	2272.316	8.755	9.867	4.362	 
237	1939351	48.916	196.459	11.7764	8.1088	12.879	15.003	1192.36	7.6	796.36298	4103	216000	1501.276	1003729	0.246882259	41198.8001	177.0910285	100	2384.71	2280.078	8.151	9.522	4.358	 
238	1939351	49.126	197.377	11.8013	8.1374	13.099	15.986	1211.05	7.6	796.36298	4103	216000	1501.276	1003729	0.246360182	41583.9838	180.4141009	100	2397.162	2284.887	7.869	8.996	4.356	 
239	1939351	49.336	198.364	11.8061	8.1625	13.709	16.816	1233.11	7.5	796.36298	4103	216000	1501.276	1003729	0.241741036	42891.41556	185.7943957	100	2398.358	2285.008	7.526	8.413	4.353	 
240	1939351	49.546	199.351	11.8074	8.1699	14.432	16.761	1240.32	7.6	796.36298	4103	216000	1501.276	1003729	0.253165303	42698.10585	184.4201928	100	2388.979	2284.953	7.427	8.146	4.35	 
241	1939351	49.742	200.267	11.7883	8.1669	15.593	16.773	1237.27	7.9	796.36298	4103	216000	1501.276	1003729	0.297590197	42977.12766	174.4637891	100	2366.815	2275.265	6.946	7.501	4.355	 
242	1939351	49.952	201.255	11.7677	8.1632	16.683	17.088	1228.84	7.5	796.36298	4103	216000	1501.276	1003729	0.257637018	43000.84764	183.9781324	100	2343.549	2265.774	6.53	7.378	4.359	 
243	1939351	50.162	202.174	11.7588	8.169	17.264	16.751	1237.98	7.6	796.36298	4103	216000	1501.276	1003729	0.274135808	43534.17996	181.6668991	100	2326.57	2260.349	5.982	7.193	4.369	 
244	1939351	50.372	203.094	11.7549	8.1692	16.625	16.192	1234.92	7.5	796.36298	4103	216000	1501.276	1003729	0.263326713	43308.99038	183.5716641	100	2317.989	2258.118	4.86	6.432	4.369	 
245	1939351	50.582	204.013	11.767	8.1776	15.99	15.723	1244.59	7.7	796.36298	4103	216000	1501.276	1003729	0.284413949	43487.96045	179.1269046	100	2316.907	2262.783	2.81	5.735	4.37	 
246	1939351	50.778	205.004	11.7452	8.1937	14.652	15.385	1262.33	7.9	796.36298	4103	216000	1501.276	1003729	0.321521182	43323.75079	174.1418653	100	2335.652	2273.452	1.34	5.212	4.37	 
247	1939351	50.988	205.924	11.7586	8.2146	13.359	15.496	1282.12	7.8	796.36298	4103	216000	1501.276	1003729	0.295808365	43304.18152	181.4411428	100	2372.792	2283.057	0.689	3.845	4.367	 
248	1939351	51.198	206.914	11.7703	8.2246	12.139	16.108	1292.75	8	796.36298	4103	216000	1501.276	1003729	0.321249025	42941.33125	177.3232323	100	2399.017	2294.744	0.497	1.981	4.363	 
249	1939351	51.394	207.762	11.7772	8.2238	11.506	16.482	1293.42	8	796.36298	4103	216000	1501.276	1003729	0.309882814	42626.38123	179.1180267	100	2417.636	2299.433	0.438	1.019	4.362	 
250	1939351	51.604	208.751	11.7917	8.2117	12.542	17.303	1281.5	8	796.36298	4103	216000	1501.276	1003729	0.303275183	42632.26006	178.881795	100	2418.739	2294.321	0.355	0.586	4.363	 
251	1939351	51.814	209.67	11.8042	8.1827	13.268	17.305	1255.63	7.9	796.36298	4103	216000	1501.276	1003729	0.280546177	42402.50927	179.6486177	100	2399.511	2287.556	0.341	0.408	4.372	 
252	1939351	52.01	210.662	11.7943	8.1691	13.277	16.037	1243.26	7.7	796.36298	4103	216000	1501.276	1003729	0.262004233	42423.38717	182.0245507	100	2373.287	2284.789	0.339	0.35	4.378	 
253	1939351	52.22	211.584	11.7964	8.1548	13.674	15.457	1232.85	7.8	796.36298	4103	216000	1501.276	1003729	0.273806419	42529.16629	177.2208636	100	2342.238	2282.174	0.339	0.34	4.38	 
254	1939351	52.43	212.506	11.7866	8.1439	13.509	15.783	1229.73	7.9	796.36298	4103	216000	1501.276	1003729	0.282412673	42262.81361	174.6863269	100	2320.008	2270.917	0.339	0.339	4.384	 
255	1939351	52.64	213.429	11.7881	8.1521	13.421	15.29	1234.54	7.7	796.36298	4103	216000	1501.276	1003729	0.263029641	42493.8165	180.0371658	100	2315.987	2259.743	0.339	0.339	4.384	 
256	1939351	52.85	214.423	11.7967	8.1654	13.489	15.263	1240.15	7.7	796.36298	4103	216000	1501.276	1003729	0.264987351	42680.73252	180.5349271	100	2315.724	2257.138	0.339	0.339	4.379	 
257	1939351	53.046	215.345	11.8056	8.1739	13.844	16.132	1247.2	7.8	796.36298	4103	216000	1501.276	1003729	0.274796308	42798.4146	179.5299678	100	2322.839	2259.239	0.339	0.339	4.38	 
258	1939351	53.256	216.267	11.8089	8.1698	15.021	16.299	1242.04	7.8	796.36298	4103	216000	1501.276	1003729	0.279047324	43140.16592	178.2995744	100	2347.536	2268.014	0.339	0.339	4.378	 
259	1939351	53.466	217.26	11.8232	8.1607	15.717	16.291	1237.44	7.8	796.36298	4103	216000	1501.276	1003729	0.278307259	43444.48817	177.5421218	100	2372.939	2279.002	0.339	0.339	4.382	 
260	1939351	53.676	218.182	11.8365	8.1529	15.379	16.391	1235.56	7.7	796.36298	4103	216000	1501.276	1003729	0.261858132	43353.36027	180.584038	100	2391.43	2286.691	0.339	0.339	4.384	 
261	1939351	53.886	219.105	11.8292	8.1525	15.046	16.617	1239.18	7.8	796.36298	4103	216000	1501.276	1003729	0.270246723	43208.11426	179.0054164	100	2396.396	2291.99	0.339	0.339	4.384	 
262	1939351	54.096	220.099	11.8471	8.1696	13.966	15.635	1248.43	8	796.36298	4103	216000	1501.276	1003729	0.295219492	43317.05607	173.6097444	100	2401.208	2294.161	0.339	0.339	4.381	 
263	1939351	54.306	221.021	11.8573	8.1873	13.207	15.35	1267.16	8	796.36298	4103	216000	1501.276	1003729	0.294833657	43626.4319	175.858119	100	2399.299	2290.375	0.339	0.339	4.38	 
264	1939351	54.502	221.944	11.8528	8.2202	8.5	14.92	1305.83	8.2	796.36298	4103	216000	1501.276	1003729	0.310335091	42697.76868	176.233569	100	2387.288	2287.69	0.339	0.339	4.383	 
265	1939351	54.712	222.865	11.8491	8.2442	7.301	15.356	1327.97	8.1	796.36298	4103	216000	1501.276	1003729	0.290541677	42559.52335	183.6487378	100	2369.981	2279.999	0.339	0.339	4.362	 
266	1939351	54.922	223.854	11.8345	8.2426	10.739	16.903	1322.86	8.3	796.36298	4103	216000	1501.276	1003729	0.37319121	43373.69405	171.7971678	100	2347.301	2271.958	0.339	0.339	4.362	 
267	1939351	55.132	224.772	11.8271	8.2456	13.227	17.475	1324.05	8.2	796.36298	4103	216000	1501.276	1003729	0.368478784	44247.4314	174.0393899	100	2328.587	2268.124	0.339	0.339	4.368	 
268	1939351	55.342	225.692	11.8226	8.2436	15.297	17.367	1323.79	7.9	796.36298	4103	216000	1501.276	1003729	0.308831482	45128.01668	184.564256	100	2321.817	2265.951	0.339	0.339	4.372	 
269	1939351	55.552	226.684	11.8365	8.2367	15.579	17.051	1319.73	8	796.36298	4103	216000	1501.276	1003729	0.327000733	45360.82297	179.9696763	100	2324.268	2264.682	0.339	0.339	4.379	 
270	1939351	55.748	227.606	11.8194	8.2409	13.34	15.926	1329.77	8.1	796.36298	4103	216000	1501.276	1003729	0.351008846	44903.77755	176.5968678	100	2327.156	2264.722	0.339	0.339	4.377	 
271	1939351	55.944	228.527	11.828	8.2539	10.49	15.08	1347.12	8.2	796.36298	4103	216000	1501.276	1003729	0.365865432	44445.45673	175.404719	100	2333.635	2268.227	0.339	0.339	4.37	 
272	1939351	56.154	229.447	11.9177	8.287	6.876	15.796	1387.88	8.2	796.36298	4103	216000	1501.276	1003729	0.300691211	44296.80509	188.2473071	100	2348.485	2276.45	0.339	0.339	4.364	 
273	1939351	56.364	230.364	11.9291	8.3172	2.432	16.673	1426.75	8.8	796.36298	4103	216000	1501.276	1003729	0	0	0	100	2369.458	2285.377	0.339	0.339	4.359	 
274	1939351	56.56	231.352	11.9767	8.3368	0.481	16.422	1452.43	8.7	796.36298	4103	216000	1501.276	1003729	0	0	0	100	2375.986	2290.798	0.339	0.339	4.352	 
275	1939351	56.77	232.268	11.9868	8.3268	0.44	16.458	1450.74	8.8	796.36298	4103	216000	1501.276	1003729	0	0	0	100	2384.613	2297.794	0.339	0.339	4.351	 
276	1939351	56.98	233.184	12.0036	8.2813	4.615	16.865	1411.4	8.2	796.36298	4103	216000	1501.276	1003729	0.261122207	44369.68974	197.4165951	100	2394.58	2305.426	0.339	0.339	4.356	 
277	1939351	57.176	234.103	12.0033	8.2595	11.918	15.839	1386.55	8	796.36298	4103	216000	1501.276	1003729	0.274347349	47234.35705	193.3474787	100	2401.68	2304.144	0.339	0.339	4.374	 
278	1939351	57.4	235.096	12.0235	8.2232	10.109	13.236	1356.49	8.2	796.36298	4103	216000	1501.276	1003729	0.288560534	46613.46536	182.4367251	100	2393.321	2295.786	0.339	0.339	4.386	 
279	1939351	57.596	236.021	12.0007	8.2297	2.489	8.747	1376.81	8.4	796.36298	4103	216000	1501.276	1003729	0.301224413	45058.32558	177.697667	100	2376.404	2287.331	0.339	0.339	4.403	 
280	1939351	57.806	236.945	11.9551	8.2136	0.433	6.108	1352.76	8.3	796.36298	4103	216000	1501.276	1003729	0.290771427	43976.61349	175.8973232	100	2349.95	2281.053	0.339	0.339	4.375	 
281	1939351	58.016	237.937	11.9203	8.2348	0.082	7.167	1374.76	8.4	796.36298	4103	216000	1501.276	1003729	0.322891716	43861.5149	174.2979715	100	2324.43	2276.899	0.339	0.339	4.37	 
282	1939351	58.212	238.856	11.9056	8.2591	0.014	8.943	1389.79	8.6	796.36298	4103	216000	1501.276	1003729	0	0	0	100	2311.596	2273.689	0.339	0.339	4.364	 
283	1939351	58.422	239.845	11.8889	8.261	0.003	11.261	1395.56	8.3	796.36298	4103	216000	1501.276	1003729	0.293222183	42877.76817	185.8125864	100	2313.062	2267.788	0.339	0.339	4.344	 
284	1939351	58.646	240.752	11.8937	8.2078	0	15.672	1342.14	8.4	796.36298	4103	216000	1501.276	1003729	0.263224239	40281.80439	185.8063358	100	2320.537	2259.77	0.339	0.339	4.274	 
285	1939351	58.842	241.649	11.8984	8.1783	0	17.62	1339.29	8.4	796.36298	4103	216000	1501.276	1003729	0.247149521	39853.20125	189.1577759	100	2327.204	2259.758	0.339	0.339	4.248	 
286	1939351	59.052	242.543	11.8809	8.2069	0	14.53	1361.9	8.6	796.36298	4103	216000	1501.276	1003729	0.306287542	41167.81711	178.1867798	100	2332.31	2269.373	0.339	0.339	4.246	 
287	1939351	59.262	243.437	11.8945	7.7511	0	4.6	1187.45	7.6	796.36298	4103	216000	1501.276	1003729	0.183437444	41814.96944	170.6453383	100	2346.739	2279.134	0.339	0.339	4.265	 
